783667761633886790596012739260061912587820098154279517204470739954029097416613165582036039205285003735626463929988365378
747830514852467706639490529201391930043612886636581475333660553370145420760857236477784132097487248035515930645671262816
276757155425933616958581328830842165529769978551964836108849165784303016633656109510210014803208391937889315276358432768
887470477994540843475741492201613956495898793711781604748161101257555519205069772353328046813203472619935383808708751830
029184113400374372773788613488889756791806323278094981857701911344571336006963428829861149047442750747496800888604473308
551565509586678069498001051984705168883572012707960958532435027142958515496141128031621286033642257660481137635591860244
562296543134219009001552361525529111712285854831390538523184294457689421545509762929351207656434983253471659040204104721
049246578698943107714714759861176087061459033389674734147780105818402943825038991842158730009669305970839402368580997102
661256618887998758480256217290921007226085879541326586341799877945008796889527956017683560735309108835419082480090751630
539010353984092452152845436673417582085655841187286115930023667092376826504320767231802000544290812042359494975250275559
654225624409422124526532313249140767493703242464255069859615323315642091842937446151242870230973866292961563726624063120
688568434558483772731072935063484268339708852189309443550386217118408656287894918462378982066371025317887017419832554235
834769814176931157447035668828498036751638001141841600457534647423513134143319884813900605288327963117358562507216928163
555232382647377894240608904707983091861869710261076787681909961009770488609862883602180058722193856942486363663858459042
243903522937140157520771978298871064223486024785062313967549650219300566916015145444856012587563239444299375476457015343
037807827930173497796551687000031251109815387924690522753850283457734646621185138262510780852522948581787393967468588070
790733625909465880343303726646137127878347656803489955488167699991068606423374858229914879264867256395475786590416803858
418656064819295702613737230546765408334507439523685329771840536431230569799624120778343243780521800031129556072138948415
158909166782224617703899814072354620016447880265521231502805080330383957459051399799443679506903783906250004092791316700
811461278536176015419402839510586939057464562995867065398836341498701630007543333270578249503077681345392053593478035706
940231423766467724183672010830779844615832646953572534532668068751269126580591108737472694756528728652971062793255067533
647705933255107591565083683601543977429887845527798662961241336445921669130546792293992628615523337502643195689205687012
702434842367566195850556475054044963355744547848315861157638894944547909864026392274172293683027686247360794124320451510
158331526426384020276909103945147466985376392515172071592836844737907951071181003014405054004244339324502140003273596837
307428001067589201395764843711772972382616578625409457184831082118269596994444634332083664685885688550737337499473998185
934304911891925635426416662436870812452517320382679561533291773246631985536548520619256710061049540454423327182984832109
368494077512697136503216207302006137731836251713714095931006383217785512451306279712271967280518558103650462512936941144
205066865891273915772894627631103220974859208075355416898816826381502368738784032973403638041667210895734843866767818538
385034519438865457577400364954725220592421005626811572840386401301457042312613063847484464167465797712080350168450329925
754372866023103011685977287117409314691278781689480921493529736765976614135457401405574067085347680266611114064209292804
161179263965517195142951123177541847215762967581502919713553793580369815078991254030811751972064753954660127055028087059
465732234002983296874664446922237304230615045100556395419448749899780073522925976404069362816137034380700907601994214287
168901253990609516852781218263831308553753190941561539892517368532031829856552897998018135435154735173672458417992734065
537158045961464499367820724534583896040598038877974250664604361436719554692107501598698990149573892302563619839132403092
261235579013778521439119234429550420756618142328203180849103738021915848182307879903687489474863732898631428776073328290
707474971396170453031701158139318761779516237142956804061613528651208420847662734329885054171642448157278670264980903556
411340771158982852311052297424752539636418670064230214708464543395638399189568185643035921893229995934690886703203716465
676117255337396946786644777824493588952415908213275480134639757057726820736854816816778547918738126743286748585020741219
879716780387219412582526812335207527671780192818233390089773735357744109758622423600979929057811785114139087345965728345
435863011652824238572822286818751128568351643064742599111872099903978991086437279332390769392941752309958032135661152672
022688164156822755321410857224580973789892140581287747042021616285165407439669359302291216364058231590603662427267853041
077597236738134681637312701613773552586429070403864632230786624995492751284713712074250442640814144963335860727288114258
162187091917870423607979519559020350342837949631204996663423078277004863441314259820287574936638464267775324949144508763
123352816225886367795166420869413770881041504575885475634346098458871335428338532668967024275984507861816807898271018700
997090270572763608722090884553278551348712674487367665985031806910533350270633815469313959670361918694006450817522646663
900098373368800550389873557022582688049709556828799106445013607904393284679257427501129827216386733954066167140145755999
484726494229496114959746767626652108793839410690004713549426547643057291666431283984849016944175908710119328503746638439
615683003321796776038003992028560850765920864930408562524641259356624786301196539639608892861154260606562460086899561240
262379652326200341696625540314735199750621628689900963065375712047865361564163447745598173317406143251954752050738711386
647218301608328744207474676324165430545033990452566111164424893292282157193661185750162412837932291136528330133833054956
652162915558730574113955382485373188904684566463935318853222065877466502904545778931869710623803424965106569544145370266
789322191256997728649197525121529184042246758293186861893280993780864051284525160582465719062482142543981094456571520802
144350474754718098096863209444475964565678262188312815586991422179318210867688229263298362901993063204738490248368782781
332356612234645044330383776857286075562106245000434011049084264077219809431441552499467431660326945315457114177969916585
634355079969116332117800947930725912756674787425181040752777907249252389930829167527270471569312060016977266354455609954
168762583718595645832036568600831538101776284002623893299029723796774774424247648256248729242597696605115236025838627885
468995247694327100744975293601737321620518925002304951973837690760374666731743019818882694414026824000991046920632351942
164265917857128239552189278294411236915166091016904048169360407502623251086724547965145389427103777821291816698344997810
463302804304087696375724999845019702652838226923451277385567898925679260732006198881063654685905801768038039756255173967
947612641851037467609094116796391466758834150924986630693124124958909529883710492144754959155459848293194282789710363381
627084195727558139623401226720340233962100286986722898232923680486424553842298415074626486030541176054444155656249283329
999375507653177241584363356779209519735083178735791105532704387938552459944575781859184593432540807192540535846712501801
902852956631038012899511364475627809724819718642663298748147293012592595253103479490107770417916207567495629379995190614
470552358260876337931865833827721070194781187848290503530864309982175643296887897421307248429081743597208684875884369169
703940589574222551711671420015963654162781883257847738403031003414155223707078338502976084625338751736520837067303090480
564517498256609765673451867020211780404280586756669041765023444525714947282362544536733511652996176991807232378325491668
451176033914448912022647556402981798257338578825363564872662511777188431226736606337111583533607553936219474691685685421
658465746567156224138774435806290017424584224866093584519694215888724238679924054173234328757646112917858467638285629113
965264392406255634742369658169186462567991281594622588197699735542970529229437001978510359809060823320663273709944046095
416443296961296799849928319318723036309941207252298238859807396385196858700066615139620541233884018564996064753645910883
806148341807092085019473737464913583759702976499012879238680694570786864971730466457738863684182027626092467999781600600
282154182608344071372146821158371276968803761593471991735801293177271763962607233940495838577400655359605652701468426649
111421327903771740783810793334166728696843807471059348596023577418536007385050631435558322856321082492143342744446734643
438935990427829956896815927771322698308273095357617496563374637280129310678874584179616396961590424371590271150745247997
401649088914436311341693341062074834579685165007773035222452844628625669004300073698966718691801905171551025053296984408
