380396568891626866234004205845014946247677989660278171944167972387597281555424724675111174816995933340908877227606285823
863800228901916687375778709647273513787045595245337185924845387981169147970159720978091181400270510223364850030112563484
549472306917828835333602677963492164103003656210200489265981045547345252324244573110223611080986555394534462870889448868
795436671643703399637476277571063100411714677635134704653451294565783971136994232947787608782144173220162720198269883220
898003262186524871972260135035150422368440781629705784741061521072812715458062452254696464686347042712849749209376865825
990603561307332332956000600635497468058359756323272433320516120406170555330450225160946145970544405592674810141900241531
486214702395039562192442160198583191432180358962254584330831270670153542063128584029489363395337911985394033115276711022
951372954764203478507410367657647638065158658143753590037339398835161846312466210370851678555808784646576783460847646173
833245496609323356401320757693995767067326971266160326802802390143432312761805046336035011690611962558245286775178890258
314429089587565685504095269922037642215976301228299947781392270007219500626320993822617741950659529408632125499613643451
531096785618277462460131235721302153630568061811527023823520578608070506754280643251515581028272484418098550042623364944
082612511234048383918605415051486313453858104072793245343315537152311946217716773590818167962594574577663825430013945028
572331024933457087939994902227147946552326047662905449661266562403438106117449522258918034156429513616487111507488593447
699653387080173650612476048078973678769662512399092738055754079835037628534053819095398931710161336240850702225207684973
878453459574569726042600964935975610646263761666602267746376201906053942530141373304215805126021244831125493037315076843
657158164097656837436296845767146311631142009366955137406637994216614722312654997644507820421505038152826409735939841491
778602638986626491448132679573511181347348150559114889265510888023845746287883632174589120630427786853472658934520058082
703392972494040470465171238289795714214158944827334456642253480748662768934254479404988252354461653608643727714975567230
434850794857090389234463647459774465193994572929968867551667142106869629657533962234036380425314085950676228391158783563
645546107232279282056991337336645805883693105789764333903376683315662775841451947069523664913146840494235538621963373651
696497711316646527541914450111146358385787075154140817123251907970089751069386534206763548073567538704157849722254398037
029672967907671959383030759453508456175437969952545194319302441397402214099067087687017074324159095678097204342355294180
302364337542994503606631535074775596461914015343647154172428900637819566064758410679106130452460974689404226464770456560
516963314991346218594055464939844987448460363346798608951422453198652618426322257012012564589410510476962197637327321754
918685197308883260171639231354071446884497767142200298935006258706063736076224491023728375857166214325624235145344567388
597923136412063713360671570433338477567724338036394194451847821651803881640048565649082172756278564597551472467016842167
646465816056822625917808111627416876985910386405829996099154650311235309957999674850687521207499096104001889839965509673
897199944213309865194270270458714876137644594892472329254669045550138903302192223665943385800704907485387335571294426432
459557075071783624815261002000259335447293425627025677814586962728609455158919311502634167793528470545649646596688153690
649626410350183191336142526438302332886880876698225238468866846732647059089090665448869290730388012662395223829565597002
916401585280374087400198171221925250416360926274511658265578529632443147814735474427710249980032815989143774838432606087
180231505364077753722442031406416248007272380367636305905123194887870174822819276335349684395663185173241349146758246472
850966347746646232411216988593642569394434160211808953611144911735013070981547606033200564055055210947825018672672243088
147115531743397258297157364345373384510465806022569178496701704035384539279078850435386211015140813812403134771700548865
608110249256192851989824626562056499483420631857010388503142349485449873648332083045421072114566316192205788017144008907
992453567649869217564450785372882352482214978974795190747019676416081814457500427567015594554718993245279165268267941530
259372521340823584701603289681708484360714031214561842552283085004524552570088382530956259772632019447778583590546197496
159559192061090435454113048662259624043686789398400106539611739851168667353300914920228426282105816254454681442428092607
415784340173295947249562461632335484787720825308673547978735688518130154513876208740191887525331108199054769131582515363
930268821145463007963997544328963200357275265938918893601941216657377362024358542159399623283554797098310969774674712998
234640143205324511409043442887863160929783411252669509101995184508665646041035688585660503250797859084029369624698096365
585262542913564747340817000660885211753066655553132458767010441620678830014156414816080737775532342115901438910646776397
580320511530059978245215508909454023144968764896535540300933460169890117165296037184287587865788901437321680058320616164
808504482129926346191021788931286591514759270830980679584542398533272535245867976055149443725434921837741460689951019648
452804649533740125485117968670327219214934276467937458196350561866943951134451864558305950764680696131673997531591729995
553104749493662902053972560245363631155898709085627374036099433366187342412351884076046427272873641744176262154876559970
469749455367515051882331557586956386951436305551915319575237318768465747984598166118323972913033711903167592920561093501
386411449626162916468633608050300060607311520722749992649830885435484262554052264853182474464035989332435360392905202036
729969758058421837612503973219391176400079408935630447277562705747556439985514348265470435322874201238817566676331936187
656709202187694852823043527734848931517320277749433992462105938442649380020985042342222772834199782878864000758934291278
890458818288103739992217240303653623732300828204934082317848867903727315523732765214960705457725576042249207407211350207
781870711768378149194846923701488416453288785786551746800028295836407873171525938931202486469182995659301630715811171054
013708683693455804510226157714788989132676346685561099628375027095961898400562810745521193829277031376313788204430336314
190635100261271889751867409201442115848388658255817010925547369095792973151526388044903388332192234136690035321984625508
035461089895655246319111945456857015835832511978869860050133017919353914660673618587058738222383576740913005548940534059
121817417440073162178328792284748272851609929811665188309318452753196763419081542580810600468425626138019659704629240378
670036793329765438201870869084835930633383126948494180571705988731174652767625818223678303263412064435465264206756791487
362379751559417183606156923730805404006662340296013526298739580170693520570656643669001732669606085084684955413910846893
146859652935019962254873183133421854974633539460604188961140636915341538012096519918775056617907360755770009073898398839
255350071251892142022872108767866471751596693429133773461015296969172026537495692255877774169306729491214542443515053934
873301364276408663849196278019017029989068495971389566467039260911865541153418434008259327325841663036165604476300263692
101537400801744703872525767551003163207764916510481372152856417650170512022307315332922816172835583478899623543166638281
052645899650288057240428719021494037071807980491115394018534615212508871924864380907722089317294320263365097464738008294
259950731840129139322365038304942083382973233268548013207018914594795016397245572633166149414118696090048157094136676169
421777043967319167745477324252164642751984618163058890028354857186331109478151869954812884361329468250302642594286534553
130887302372521234417787712068279917021844782516249601163727292360845876753208328859424127317085975607339576790132881724
058898709091714674448662465726374739704193873085974876528641892354037379127555626942856225485690283039907090637828093097
295890441307139051957093575815372856150281509074101935060582643997124226625537759864890661445232804173208531174303814684
863989030652882831606268093852713837955591384113343721743316213523034024723329484634046318749487076658784192595430837165
741841540545300729596631259742963668823357875697509998427101926205829687713613824510640032878696522172784397921766598898
612959339653940157509473450623666059147453070282009544878277339748513597078035692808244485673780535849441447194514012760
784416183789861962630427870919998649884676349373719018298916951328070253964796680370852812421811433908121397140012254614
827705680539318474874582506424247379381305532083635798216542509838327821862303439678534304025603177071497744690424547838
205447617813707507050067204954131522443015537360371849360964576440374622464067758832920519617573526160541595954713415057
286722183931002557560071077303500143512802384214538285359320453590131135108712437773083113955608282841994510326141231750
