474937639247122950064218504700598151726338943528084705822441669194762220155834910947023703669399713020823618953433883656
227152492965929420160000430617339577778466793835126885761434946161614727321543302665865739295790838285986417968329436259
321744107984395042264526357323055507749602518725817243938224586641881446473566175237931115167057689927788155601365965076
604810492996786172602072334311061024733122546256227044252239081755794649136797698531177799483309938246108966587887384118
441658580498773525215931726899052656979966732290232426736307113845357767213664431354528335380471269293825817543833656338
406725878190656470779231531639825775858073159640721492998130464193406011159914949016909631472267827102518197836903206665
080211427453016365417806541701150347479850357501967712865083438387521520709431405103721452559958747735692837392030699767
809159898140207838808255496660354236408761761602509429397100329692055954710863670336579587653373942375761557274711719561
785522044160107207442161874673043104434293961464435595500910819372009358625840295146586315829367883427187739187373364320
940626176995867574706508484946364598799698808782402806946653648003502293824756861013555040689256751646080496495087695060
402636339195142904394473996376612772791931827595591011732043211461670953488628409432422037182481239177922163392166264030
857497785909959907148617357139731712655317877205877779060298673023452961470558223659009997262045493832063311173486912820
851817898114225273836733148409923094910279932103191570794010176942736038678532466568052678172635050991537432201647936112
762173667987697219647591463392769439602286915651056950004617082835232449915304792372903527169854054504718060701453994462
071570236640519995338912894167094523593204013984786700841416448264195097210056568968728734587316562032004800302083336951
430406371485253369304080441209228946587542911705081415607151747442792742047870558059004761544635573032115030019124889372
763408249207512556616706683520821482205929637592180409151260537292294751471957708814552283704064652599922030991337851971
986674010166723456449215999661353610265038773973390545004103733586745455633679903696046149733099307425252998059795915642
686432533118729481135301781282983751512918637513488516807117025084714897469359380234576253337394510293834703018275746007
654171648644334159832293197757742233623840845866349481028688625127213866861927219138454924261329450543012513574710361242
568009908725102259688232195787954659374594250722634584628402636471635007522437661973562925534780249652257073756799162424
138097486006605348621335544598831424300421789676393927577356167335363822326962028071318023002697683193400615163674905136
926532083332755638651360926864234119441086204005280648600927331134171058509960322975471810627636293970807405870600101059
620418521387167632732784366968055494517448428668185288512299383262793356591106231719598132849992494552739323842973381989
476883212974612414850150602433086316917561339753691382988422543690034512321272876591390356497097665557378138568004440250
614933526636626526951744713418329631983049975058383585167327996887829864768992159612752726608840617720146176108862894599
548876145904006108524750028231719255538993555893281862357660232204008930242621072928824606042914027166707313396501450541
362600260890107847436707202979496090861095639356158761992315435577870269250393309012860428774095714672955407814947143977
319984532867072496955482207985182561174977712635219779708978171368943764896691246384514913872413044710699223135257967619
899283486474750748797537773986710979545143087635833948747137560853221741332358490039757440267775789600295347873847360303
832951352820098304437154527705009956316842415880741430028070954327988961983129127004017371801765185451955028224386481652
346226955015488862438619711263063565965587838597443348782952806201467969754678916112960116876912030342946415677381161468
810202462882468909983070355180828126093154006018583683020378605113719684974642969971754333176068901216480862231777843160
375790584942026872394607272240881690120927210951356747136682796670347170041395775106079578350197623981037373711545353257
712975837943659531250033161483436384077565554687074927358929860258198822965910176008842665331768634758580077588145246161
639732233404333633084868722127375053512579514267329708074250310316495652790279296046427685936575490834501550442383965672
522635742064444214000508329152702635939034242016559637223447684328155641931690579844571408296337530582813813216108532684
575612652116935686320745380927341065421419092734322930768724296810082649939526524350808844270714676440148073147195425689
894240088995614366958186028269246566227475953597580828832312409983554401904039590311202300530672346255551425964526709465
444477986786137962565539735513934740037769701685208766566510265645043707031209349002169213553217608322180794313891770552
481952856021078251259500364888609478746067329764380113883452292880916632227688079522918307364691244916818250964728691695
320842776080162736010950460309104505218570695786263293157579527128041576513201742999762614732755283036673676734978898124
058312149741411588522202091431516034279754182539314870597784157586877828654356853709668817708316398226097147587992728753
066594709897850652405867649461494836913065062267143886019300791290044400966196841045108420394656936561568785094479221728
064441213826786092837771020181287871177459846389736763885073092220611492640351931095448243215527339621938445390264230473
914696630973007708913077243301867239916426396176060321607802167920769430950745670484234241614073849546639390007836296354
195389114663334321397959748507165866364844034297810866476725618515618134919179960027874550492253587096347251112057859965
384096315251889997676208093835285458685799713471018671994596034767271866414233428946797030864755692807128018855080982724
570789877823010300854649085953801587768851837769675934840483970181035214162321388282003888622939460523020751074384850306
570496281297829702481271410584970402235878168197582356469299517711109319820606139257024545502817743667732749698812134262
846507244477565817102843078500224799816175751606937186455270375763713520009369783176325104060945269242989224190810895763
696577327649321174019715038565248022460264113256306179529030639883000933507224638666534868996265341580287189079286251797
677273661019436372825295758681709552017117968452195598166890592720834279225000487717038043001664355593994355262078008160
026096148950710112056640566997006131647997094221856581672514232895633539510684348864778097065320526383032227508868764721
929440954993234844517679521624370424262885921009401432616182181848264348942951519515188695933269918988700869046067764118
185113430519051931789293023690828822441188015378413485435656671268925799172098140899430181056028816668143289612657849005
010304360702554366195970050788676809388632070353494839833618147785561261784331139923519039118898443977024707657298615608
360934654618529221106658040091024438643618087052955591824892738430559106530988686643028226764734910555481424491916811884
380331941244201495805612375124258845886648905772276200568313890053502022957544763725329582260702548438019624289196168385
503535331272394775025908477317902068357585633100068597603639621062791122925366139747015363104667258955798431297338629033
911209643357101918977438670256378359487410575577176889617866698157067477294927830061074655855826800236199420042738160630
154722298056295109317231932503035631263308487042567572905307500725267061596351153320371076323987547175586422147660654739
641641432361260998284201889052702924646108971229347361772527502557141801874986902367050620125737959171314696462784973800
786251560931257410212525485928904587512839466155280010044327180712317596857824919444266410687995476113768163129485619480
310525928327572022033102433612042706112034827672903053636406323925003054744216534575794976009443945776468025602707847818
001305766764532087689965026046961742166054731924247975173862833667387922612014356714174566527852956896669786229087323748
824230538287673524655224406116469581951888740307004237806765159819326427996702288150909309474503651509096971991125246528
254912722110365814478265736825736821744067856004769870870643293469514292989157100681511653008135896289620449169074740112
867551117547837060297290126624296865200257560879044054271785177900484305752143496234362589053378025120304208880740680916
003173925607743310003866444407493044509864945296274644522080657709904765337894849137547529482606493592735387960984355928
431457770180780095251427207818196855420319141179269768321506271736697898906224009965891675493338418585428129731511922356
060541018557233050496906241005535140891871701794391359815061023762046232637307953061646084766665192833211073799947104774
391492482311877698162001782775453854140375257544186714985240103164295490303318237770549414874212984795894286254486309471
825672519199455728540533581707046965105865985868205784949805401961013682708137820825374628709545728409412974265992958663
935708748993875785980743116406336226994446246422416747437450869061580637317416097166590590558354447797306610966153370643
