959757877667651805697476299646293440448740499319829667771165334535699027535248465122912578948256469759590174295995311295
405904930621148512272829132274359922296424250457162521333910139155806688212333494156439234208699730389871476803706958960
934758164978028082187785039930354368723820535785147374386811092897723484565223100026826446175308315803526886932649718445
412700543152678622341646671102934324537555284734482894661134556236349524896794262965169983083886385852627528470536360319
045495408704526348551782496433640853186927758925846765367211327607064140153397319208549580843457688015794028395473540611
882555932875954276292521463173088655155399872572708395676134631906665629955776038916398958748821987439833357213052421898
104242112694305244306453348954229135980016651385698838602079237346920938379101642219373720428303201946330193932077247792
614706531309112025247742219871944832184316646743509913686037268060673414626232634420156697472287611280528482529930525967
918169556891661791843639649952204115719051964941875592644337936923160191903646222205365721788039435169843727581824183260
569811542510905338328132750232848223787220641238501006093540894417000449394677544371490280574902103419809886212469988439
103638322908528447659256898348992096069760794901371457180258597069906071829709596969529008692756919503721591755473565412
880157130465423909831152991204790548883078397322395803556026553919981111870495944656624582638194373900668278390837313293
779223147743880270218766430396751423941584944363303361188928647114073285321608169800022533198200373493843541266525612137
446625692720200412380464585072289865872330088830728826379568771509669036705811388206285776101788590348617899834891546938
914567050752597743272184757767447972488207215302410987372271480170443347674057399437527578406106837585892651268651527055
702986958538775218604127694338748209304343050797357374463605209501494099846854861909647706131004960359092064585710909794
479951555589602533787304391843745474510208812260541731784898598473127593321370354786107380642902942853942983133766482294
211670642855815857346224121796951170109812904852792088735755120752388302969137532664083829060136669295219388157377317758
619061655862396306762382433233142461837467918966964754502965311743004712536034713935337949220725336601903378037598777232
793813055314631023785827446059191066237741785616748074944407489338682490322634923982250505074039938360934350164162495108
449949353425915971018594157999346650569765722650627614341165191404172421591021243130623688879485356342865220353521718307
634943926224678146061753462065170221004233236042824311430637682690954332579042375915167961277837949428093082880492479429
390408259046909695867027562672276325062958256757421318067092034907897879015564078535119761230015234281148612931235161332
576696889306542051825003167097391428754073600928372769390724321715784074974696062011288922144995122990419360250703449893
363024521017271007632288221631661015287088164657781023569163134542981807297997091476495692571056453597922124740907325971
140072895744920043711417420136467688576652307114732088150474369400438501521366368109503762540759891831505184781153180948
767624690483543415884442694350465140201461359051470901270618659463720255336586839935364864565401547592364341946842072735
766241910944351262654495138102208244467243258403235306807484695571236074637980795753627001703710636844013680811186628516
147743983098314476494204911126582136317022133950536918319739703750784299131771936776806633086100875702840040433657725767
246694463635158666373330712935199061770280075067885741128346296850702996427673817773203794659038528932178568562143356958
996980717307155423068373709687860197333423807513245904112651406778572414675078456776730285391395267121245130767187360525
335807288042370284983016680672132316022832000151454792201260354980623477215559538007586803114421930540607702426833703419
808934211194121452389699720214986409145711127233279925321714878238423013644669067660158977340137892622871963461470621007
058034181128734279459050112270573495937523498422994057180282914059732114133050196334842759735198527468380949370438238740
682016511171634093644563825150501950214281431614265111602476272331346479365226752655819790481905717181802879573469737756
470871495062101344038235708905879668094535460488102799810597657306044143134685364470644405040816379068296895892421062399
300346717780524770540861661333728610641408388021175859929338055060625071673727911119377019526856393305770132438727697117
353171805644978447228516365787485237493008316460522315370902962640991076713182223202577513605962358960763380010102130990
137159065130196330119787696226511088905140664088081396907216957543976073649404649209466010510760808024511085391750896717
054475457742019115801030722261560483187043079014037490949920449403824930427597589378733749369507840362795574867475215681
835400835196924080467703124789457503338410174222649887692543502553530950739534131568625686183404514570923354591197464085
087731500693725637123130798737909240850153042515857301651425814720425035844477267269495401486620034005026183023701636221
308554560148776717291169145687397257090593693630458092734240913314710816276651061809621311597458228840229082322381818634
350349521328423047995198746189628512135830368730417946630492450510743408346532770684849135350182747807060798638663804460
495731334760555145375451404072147637975179944676299941413043474382009041784984482373695753924358880043147140201733197922
324182168369195654766717241165248545409558794658964717679895211627149116598759835454626508299154284195472441950034280448
180074700829072826419258420407792905530563187330737347291377354667347528547657012501321882991535518046581029376900824942
426270259728674099428342525201664486602569767913209073364570250329178683755874850865192841906845534633822314218506922542
081048598402589223159144016168392874853643246261160949638788265568516229159582036954777139503795928250769370331176090834
111970002671830235917786664216399345720502079583125694557082028258127141337952770513343896226163439823700543198796107062
041695949181194580809026515676800936447115824671942774448199275856350976529081721165459993571547603019805673550775778613
529130911271756713379162357139669067596457669788539816661201298146993729857453447568159152058187210355007560233590220854
904698793805513569098947068028899406282558673746563726075274094188281717839322572222810952044902456927703651764417938426
400194572984774194614891220665439079817424510380666813291555073675142244819611795792592908586357893542103250568194600646
387922639989688107448769023613691882264117301485970972140708531163716317971591014360598515833238202209777150283041453775
378603850277634882463021962481599621235241241251094945452010545719508383964133283566246820597904566977073460954808950295
442255817248002382613867708046695360120375038030380376679432961852507179361037302392201327032209644938763602769647907171
573767665093312242871585573468954589183269707549910106779123277787253416771287908911714322694030182421976145585251055967
355793605737686838445734762870634226191571380739370808306707411981039307368829521392114373630978294227646690829052931578
185731252713027511692847658539034416253588542295755986154611139002479592829426749135127243679491196630912452787756674849
854008589337049461145045821729443272884066514139801845899826559870485612173780788945485958432520165884277827586013274466
819575859259400510005526979732768399591442465121168323038854094377157929036827376406502724560399145642404671584672568532
331187780896277140297166590272649793295280530486372930856929231798287878000347380526834643219589369407518225519711313772
414553016136125111552224705110017458304079550911092089035500469542353606383684411392613071533092238149452813403744268469
332302449897266295533206794340436782124778051412936236570932594111776496328638339092340776121911733720334753520416141834
705591834755923458595212025855510712606492366070638617444251348344312997473127877807414695371721367143527900883363367546
884630055648237609408448359557081601615743918866789375239577285354328082537264971782080163336133701105592345130055840650
823385553116182977048474968816424362044812435966755677530286875135692596816608466134411412971582607753458411712787122371
512357990130491556591328845872099951589243295040350377560758511492462060173094007525148812058656173671361536589803666830
976832493971421933955211889904318739614303766104670867100176648299278523169763739618309441701204059665156238510604776448
913621205596976664511138760446497230116596248489193490051878291729628047272523174360126246428858336774699818128253362874
673821966860444587161033791344342460440196121277046539344699817481302155631916267895640160631160145681962330408006978860
338181366144496366857922389742791189553967320612108232836774050834744476008176439124209058100183050105528672979618248455
472347582582367051229287744140061481911490693562827342416044334802747906145483534734397345749699861906650940844737076086
349308117493044121139859596188658027403829227502528586947143248526366185905175731481846273481975452981399972126178725013
