391894594374392538054429710110857913431395771577209233971430982161849970478352339122610133155029952705612407211865791580
291882995784206685317052939512396259055531859056186537920492376143492416405571576930638541829528910386738732314542408883
531281547468232962136577012699264274317320260723544953467043427853073394533457994258443168069677603016988399364365419047
653680547074590126736131011800724063169437285265672658873897224907205461584171007690880623014604358185238357743108234992
106513954459451686672426873822036966274011756898786291915389540909436541878714070338380711222529278067674129934228243034
552312350005566143392163029336166893776929956635138175805776098852111218128998210107867952448578714358378516161213741832
981322135553361666299050874378742036792319204862447770436015635329124060195612023366414082875453878347932424112421589559
140298292296687147730009561666082056710350555485402567165963364610476025534015463099579200025876436255669921539113339277
145993218213580043443134053623432420138359782777694810767945791774021509202423889805489075336695856130161060271070582649
215870653514361556099832528865327157709823409677774246329167888111034099294073260555160329908187060321085294690688567957
991644856578397311755342542586464874294965098467989673370381006234684778371040712295173939401263656305531896628467454765
662141216872809569407694334521960114485525718990986160818675946926417071923355593464042279044194450825860229137365996471
004355689917365858171500940773027882166202215793239561466190863534496659640963276198623278350453981811878463543560010423
339534404647878708991845570855439173042434499956246277803510046426643655723157099129406504310612820424093442028140833080
616225628230403196783126948642902697442078663299112026631652146014048777077713534940225520797166211513547711242719655968
565383629077249512807748013826795936281443177246081639962568903504327124270294396857997999911680506971543752689487177007
510810884086326318128269218318331063773044614854363540280036845358878243382236258707589225633358493385804805774994917566
797082983965958481658458067546335876228393946832040184128241611212507844574192801954007118262546390331098389028431666976
913075787895042095491933482519626705688545997633562966358160394688293991366290306974495484062645072017732131487722670044
427998269008407557179214326870589301812511697949037345903005021010162212685358323213317485894493526881620817117770723156
120360392572993687010356849165091581288309955871548507057991450631814758066966504541794311969506904768118623228256777192
467156980204717811986703619351946390273649379524363540321101943101345241169782431006894831729490766124970465599568004568
157136222224090435945962235886007550235107874072781894019436171772971479926649948131808627456971577370570166283887633914
348102491011768550362560010780425374669015062773766363805026476546482270956127352067671453122790259768803870660408318121
299827894148476149318386070884243218412994782495449795685769362441907783294721667510378594694631514984858211327639347343
571762446488904011992821905812603428731757200117159239447921161349364938946472986610201864171623504611262708534194226484
248277271322795560116592306741479915371872573879709023838027783785665273643648960108513400651621681520283183162306409600
536255795742028990619735432313783950735180729931702937876546204845164389939277416009592402208056058201182969192514287319
994301491974946147229844915414454843389005699691982423270095234895205053250932802370971854336555334052688598478277001605
432320718862740516416207547713362391029435952065348726991827149900006257234447839712367694318588585413189487610429400744
276178979976280146983596765276897546059790928630939960917058093907424814417400772588747321458057811914667362784523328460
031564843033226110152291264333076941554414276991685214911895109791223383467748445662008830393358075954458835599836118602
951048542202690408627953575662076057592237885184887090035339640766398856892054182548556439276290663904435959206400200428
576886181917314527608411934313868375950114030897718772485270548463923069805584516654297591451140619996108443291384839036
034811743244090727417256477152171691313865625935548905422088747807148341604885055831509835130592893911936861682852568852
136932004406938859097475606800814039768815347248280036481884315487153730951279374741875929428452888600072410734424464735
649464970293744815624348485793931211061206742232037342870411802345306984677557669865520947623317535153783917356938534817
015346414237038260320212076899689497993415854933615152341483021595868819468033440356475235933032100308366633742758507610
021289091827246094189306481365361941942903884831153470488977140106957648319233053509707326606660993563751010743065130025
993626448791536933325164419934323660469680430209263003744031060396006992601610337174423321098252740732755659115107563235
336178918535667286993581859016980889454179496454825605375926703996851391114375656589899456067274783199141539726065624615
377685373830743057043842489849151450806699549308481962087529348680400428594552307691964542074658772474184737462400958799
699390420644741259003984595785723533086025161819337997663597354850037078939199961355293225636690488799312416402592123213
117887158201532147632520623702052328488762475430973383774359681387133467620906567286096987242582102831940835026114728234
268396885845296979224900089332748524189406942371166214143058689704629595061374115372221312673319610394261093633930739141
935161117634114099166705153962266346683673950564340865259482605877357836136122516499067307538895641045413703099148790595
135836950133037976712286806669309769530515360060250611271600668422570497674535820811637189610564862462100112139059757806
956868719584290705868624063571491684580096105702303083463881197035662675571764212694630674760979541017415231677752173431
002511790681465909363521675963729947834488344816592918557070135328308622797099144114810688092282557611426670656352392405
651262230784466243075454530643418104151534857362081072102640437236350111015110615350567914409039253924984975424325689488
957819241779486945935260241244268277191316791257267271125186387368953323749447150629498316619197547754953769761014116261
148454921312336836912696343129332440783104505417195787116153419797265996295096101912611272760717478614632249255734053720
190299714442313690391696791629738135311530548062395495865251131856483722295631548213131075248762390230914036010937521903
919339372035032630616483327933026924703699991724597594909096763128125062311120008592560363603155002872090695933716646857
287684127248804966362498339456487436203649667727033437625646065083488789157462186616429274330034602866364228614697025072
003968136445411801742839636777165272871228866999599382819722962346581579731763037020441871013205984916493276096368326338
953871473391948562141291711440339640355255217574949190324501712915827645536477716373319737936518045689204831281120673032
282403423049820886479238185285300893059438904573532452250165876809263574418444892879339841464563079692282496633447244033
875921957798616142565750396591921470999641570785298773462088649091365902695637381658609218733015128659464025370749611786
733269860973212741175935874401837054958614811850808679459071161103884305483849113722131915850512652092226429321986255223
298997277353100569062683248292374091865058563249091496588083134175575959028955595983988795574536530990569196491790193481
756050364429071156658061533556717682672250450156484128213781085562277160441832208864531675732784218599494104871288622860
093683382930358649577088571185216233901963295501549537076574558779297471936100499314630804414830636103732522256324843829
357166577444728449722268507372136864541883305370434989214338047781127092006712817872102478614394952425693294040637470570
523861390391122716182515792647881094260673884490798158166069811640322371952367465615962195841203189515177123094696898836
632875880283043035572508646498746079356943303255281631265264123145302181773450119488027884497126431504428537889413281966
167201208119560651893444658488879258876216462742604393541028484582020935868605436956008529385174128840109022879207059530
619714163045920465136506232797782851153633017255005172852467140908850038248763349680003005587682135928596361801636296409
644021142628142915823570176437559118321812753547215885440829606902185340320206979726738591072256215109128727475711176342
999517708991223408464829266826420438557676909112775547277494266280741400226147177543503154131832113327737477884629683147
726573271069595777259459633013094604093167124359464739040538904755757930037605270833192205772524489631013043057570834193
864986896583209540879743747716020037757825558698736185051667198516783753475212381836527616743682996026087165950357677173
740021428833063035427891312082008643245512764249836838749968358871949553817352582373722702426566802579945711560524904489
519982681027130844340547536216531249057516600373469460263651968174881705303898419726864177206249646873378728559159851847
252424555971085603542017472286593726960853274858691542993386392811766324670631960823176666559976956775634082938887520221
