591371096468444022032119646274755516142480345102706523694535178444068442886433589717150656412096350765383534363796593753
661428018800363162255533875220870453012951734537954729644543071071057234942405559331180498325340719156921359390232628460
648622571403880315955531233523873102835180747347668602980621441739328847046381921674220635264612904621915253602340543576
633761026179246591940833637926977368152112090299004446546973080053323755895547095756036465614676222267499800463414487451
864084986222799914798209136470540300084946847508530580057896425086361346103792662463801391616688735590442983414498918248
729224825197223383449599896199303302100170478864062718316129052573486657971197449438202124557855749297865412883506607093
617061818117660360218090435482668647062989764326153976333296317989282870026702288570459451847224632267716955056025794901
681031297276334394021815604114942816755500936829209191792199804521957691480342944418217067559440276432515636440740583015
777544870003292635739799026252848650010002481521256168136950201422580616607949650425884635412923008703555304094415999897
906688934527796051530260500884631129515113409424468531007365198565352485374011890578767510480948313517357732955889454313
649650746322634702705832827536440201289296165596977750303269716928614435162671804337057934913721092620933967940735580074
538180325902930797354962607374893016941429162230867254813368326358820482240640500597728647513375609622087051104584131187
037650943606221623160044151835085559900168541037759318153623402168534685883466778647222213671868872529833129668333432339
413057696946287613197888155277443446674179521534954299097557657532866249666217095362979929831278131154473738656299251222
335823621636379740422824735674784617278114573124080508516847975471245365731977627589229536260524452174316101105836761542
063282695776192957570136365970049451290419761428517269032001047854024329157404660767718248753508282703869657227325348712
640076987367071251307693184110317134529995138534457329428116561840382680941980497467965362021336029030776425004659886905
172047300949482545309690647236524629674917352440333154546491153647207934796778306177624614601806985467322036341277147448
981146132802043083353412883328698637940664110357730626672197978634602800627593633158162773763431356977567867575686798356
554705524768931847440054450868487611837929019874248129686346870036096077993902866499907239414785468801222049340844000884
139217670148043134023003513732614983600217901678957835544395427220601850828361526588017300662645887944667617693483410819
303276857281236988513843822761063837293548052420060030639249838936468010295992373423030074245951612292625360112245134126
528912008276425156245000938271248677437284999423654135267336673041807160157055441071105622980822516185973104083491021117
326029965551738088879717443332023087073331642061595869195333518226932720924037842513919062537853831100553424738270074620
108985325232413091382215135349126005018631061237077839557384248690045086297842882730594529880643213280258904789722931897
405884513636138174923256735620379717327586812906736254028399467691241446018294816515480242273606842825210883429689612507
120172741233578204326382000724916789576689339368657174126535627477467535870521374165028649838245363497010390555549498355
033125732193694737625464738261295180658702278730586057215881338798944123146708612761059184935920879796020915923614705913
380754420229191076564922769539822643720306171165039132801259415128642733930215206446261094200420166222530426900816932697
027180055137432124716453873486693109035379110074560576437140386574738717489442553895369069081417380600873820529679874852
784914459317328457010194008090554248765901737911653624441926530527351626308559407019885056271201034853387408123459806934
019499106680882645998348969116864590904139549452082573657211756078215901052148604715414606506619344513641688654274575297
366766957106167475819602247843583020103254783210334097203977784053126770038884191653268614778642185408440834589916070793
077257980436023348159773280553930506875946146677301708128932124940598158789818276627507936998535737395375231430893050668
826449580596894140102456964916230479043246524475351650894181207764681650438006169412767762541060153054156560176834050718
875415985139939655846651648813731398672852240136764018697036769701206814469713312109842298211811029748300048228804537885
958541632509686551265798711979701614151307425023957522272491812471576916727346811948491490356095759278318156816382000739
876223574523867920609725749817145917137896452181030042994151261639461546263652196642380740477469534255636856952188467770
974165119638469348678524837657138444667640376188007584677240858572401418519369816323961932411739680487077446041947808144
731865939893245572566108477186295553309520175903085764372896658461063591874004719182491783798134327842062738124535684351
461304890047904053941700817575610581698531864781009180203149704346046949791002376624991393429031963595323055960373145738
657731550292426670297011649902208157802719561890508965950342762017692755950248607372577246626249230229288009345936400055
412624924389542297102939908866691202732830460421093682585703754066523966579872241299350058348394261465059402118448273186
507729689130107189143779554468098725604271372723861684759019730709667182784454447206035505015218331007482706483077275764
260905246441748845175039119849183220571603327997574554482724570723164412471342540204639251748555611657302309636692587985
135597748448235326857159495270577865627821414091807247911869504643538684816198292872019504086605050756722230123292281665
120294062517556039006681633586294211460696496473450029291808006390872491143732444340836214266182083046665813827809720629
910413248444081889935782847666919214781916982448872711895123224833834199666423487670767123280991349765460766676499063607
759790060857255514740395727209229409776892401712639122747960743287424285426244140503099394334880069602863850774969021402
057364290771828080288275831289863836087409827250399408544421573884147158165855479313129799206096618198250377956209000100
605442620005998534749330301345371647593317378959228545522007581992193267760869924075526838389312687883074083276750828671
404409072262623065185168030719847848411652705577196627725178397053898043637082585490994270032265960770807210436646169013
261752294446826065882334332894430684354411309024017317649830835608218177146522877655010716139441126118526795832477320142
382787345848428042598979958951527093604478165332897745573664560784016661863979193859143611583733674359932362457490513375
642013940450752532587182020354309002787549332626714383539633249587314083165334140745918214939933112412759562015775354183
678893703443492046036181505082013401410885762730071694948322030238482567162273563586817226420302172902361345879852302883
667762522846885203596878599592376003439938519179948039460512545388439382452696816424148449760959480127732586321834619688
536135613098347317043010786246938356644825051077765565016329872550912146341096833787699935887253933508707101256235869834
866632164993272316994162902188216898553517737653597889839978724245380152092806743668932985208354824528923349339404026654
483112767880714188275986592851809689923843415927498483200214583165785736227939966103923061871855217945727440211594653127
559336900765934006277575484737511367675578137129858274969063336331468046363861687303055036698774622860960552241706777875
219818306914214986307819474763235824378520998840919445132268613027981710712083149070515921926413476107407403825759205771
000844381503449463806640411359353189862825568614644860145377819304283193922094337140057812398954051267676835777414560274
018145549635190622764917062753364216852720861631208489276369704107275089529729423996726522619632432280672639886306749113
452058215276733228937026338335771093641054755673200340755207359254610433421525699410585167491625853036991462764348296048
846863742255993825257704557532641089016580934660875918358463055341845034470423341037089086067859268011678730917770927786
940237815529885533378583203806058558626617634685526837268571553252278784273916131300099289482604638803523131153721057814
607428140017515276429904911832260656378830093519816995210286185095829104883016920479921344035689128961237203831773820194
934267109449177402928737195605809519230217794016525443076763210532739791539585382824292189150902257204951831064610173369
465459019283122055060158050057872005149444333993232319983516438623304496759922881557914096772485196602306571143394277485
935556267119346823480120144626554283654691200656591094336852712381557898312133226504917353970887787272588584246520773202
091949408242331095973233270944950341317294914201343440276470257040730704462326303154927868415102097830835792190012063189
856807844367709712041471394796410003660064695697509460597255546975477709727117161082585590414598815993434092206612078792
440319202071133897542436473504578276984416846189147367295674051948181062372732256765378435423645364638830931524923948244
017467050804801467894320802182647922289644939977226898746525263468503991902876836245994133520725220213417166597179006371
