365503211300892134816355290053867829280583512072019602134421619939654324607015902351128116464834039546727316437980193303
791729327914506074449936341862115689239037452340516303289018614954629943343010069748896922877123811764675660712617743021
373790805016674341366602820540892761701457948206546686843004792315878926299626830502058183718366192933787005915778132045
402484446378996741773431750076188135697872571995152428809134332027758992560289918138157873454546876461186459022258717299
233389219397282758081060137924370825942414649919187513031262581601582753514693206816953090196449730655767733177485643103
278840550519432630621499535273515667427973798562470701661643622502803542519646048593303199051536763967444217464740001499
744055525678346712037589247711426699583426119220112691470705967627938953575732447128989851043794765322987770890573031496
479477055430813809717491370607084681626583135356872850902370331885761338263257257592835828344565618671507080880082669169
685211842499459639464139787748565893722380888582431480236018708258561270915797473263091748679329289904833734321300657135
084805424002885526470447122165126558740525648246341040575181152660000674195276634180322283870322306021696847245408664043
478975055514817217087355372114649085452473001694141165381172532478027626015538820363513384729663839233931940178075866360
903024124990438602412779810501114274405332288734804174504324308651937464528276776551546655826084918647433886485395492011
105397591914639992259483704629575337061279495714423104577654405096671359254877875323124388706246840690111287744999102719
315103077524882880892438586142392691993572619608543362786179547368501816144011943519856105103839955546381722207765374846
685068880492001711031483305557307166761113853377255231721607526328747054141089962155513470636590606700096179024009074062
889125221441346615631246238987014769936306284310226298455865354977939805205937644435722419220007415401351027502557414806
100731642765192996209563027219394665538599333099811060190365770473672964446012562814276875670842073367622076780595955475
367341198937163350861767996188745831214402944857227653832346666229596961109468511629493212235856730115357787074059614142
710793870299723862763574068300369108887506705866719606635122422150100907733146056602573197393666440337260675665694523530
414444722357693828452619681706009089294931891048018574962819715987852040200938711979790995496288557070194010945029473827
488234553356439319981939331306747434858380527323464562634955337380380245881314014134375973561740755995735786760802395768
149692463899476846201601320021172507854460037284093842487854101887549821016827845897000757808435616870624846507595368683
838296237854371246080355705706633354798963783294599749032552828680456308955600208334364951541655277425772178910512904361
554063102224776161637622937596829545834485358498936087201254895610016054822819847207073364834442464436293619243503217806
880114662567732788497200769152720898445150421062125538783348636224633065006817712684097681379612284391972019281431021928
709052323897813395489501080534118158609046837517259674460490616674272629337986932763812868752317460617167091402434795757
559836488457867980434661856801302381526651601997579332787910155805466333759260415870929734043304867862419187507896673545
446370523275106533424776796360181292848626891427411777267379056869850858916013936437093959198541901442101329115444947618
820287197915922772256587190052645926088842925452922488928820224357243278470224580545382625884154656958737018577182953406
683598665443898412615008946765565410498006119320844219551446789357638334039392439305575472390046156071210042179422119253
012822684674282213381762428441107467513071044561062455447536811893965414579109407500673512065774292103693772025757238921
943226714386050686005172166514377789713421851724224707178947185537157148474786190542460414652419710269428441143700437295
682438697432270330369723605777341929580091274743158729576624205235505903520715898977663048022568775780341307058966822201
089949678312635264659464268131478166128410175231153604176261736268621609211735922208829402583010046639463904485370726036
218293278089337982828100543466593275713781892778094713780044841877070211040053342597403533517866064467156481278496105499
765476712769706560800418554084446796255744845204006881054051403501453310076037173131055996166246385376998148268963564053
143056297680942548278609462803908947992385582946065283503409629880152891315256718018903584549503014651871591409319611518
664139280812822631746886093076072244801619058175954914774380568306471639036790049575941244368386100410877813250635643367
563953268476910033100468233475153504200008492515703528240527171485571639861335572634641340319212562534045495045973887549
761453349061581161784306336868129867898701127323632983728268916634097131371860114620652943930090255731903150107121649337
726011419820766049319217542957041071785940096249689616411953389100703039904054425211799380478961971491213761634671135629
261316202250256412367456063256626546038519195429213558296354460118286803422816300811972319876864230055383444196136625338
599720123431914214950955385496613579702169755649354888871740196151874000197009582316528853560649317356029912149905286559
552709933721168065606748232932442581571141623373483718556134170132550100273999591699697732792266857018347819550714030810
126590945373719573557799752342039489721407492343656302356909243911949269093392238383708111754970975395072999113046844868
482649646230501658680701147731988416382061895525097677740375468835672619710872204025519753731928276841568235605469119848
594996716675548075769664127787928784606033697046194216139160407327717187892286477255811681553447016520185992182141062106
469462995353367268744610916527290211007244708794368444083333412629429060459230711113901543885853365120775032775400186502
508271787608942883564662099728291402834176659359352360847820941681625728244933033235706539220749098549474341041505157559
323793803077703231278250243087140933844092634979277955046636586141109531397674073800075724936035609668803544049137385970
428297379995958918175582519060503535404483787569652796473187538120449947433245402497483172526692095144064821281886505608
623259622500500492275803722435824338353614132153553327977696321949386930841637041433018271213707827538167347282792634350
127870835859785066297766532652740397887007760366894627636407774098683518929546820904223877006511191795580849663473708825
153034865682900278659846005438407532797226251866575720859313948981916489721541465812768285175914497905175443434106653447
510583003766466551298729439421589011677740407611354966522041445736404628059074649065624431188462459903576835401959910262
252701357062928360428467201903337221506433885052621167560889858255233414109584230779756462660738709793708693525633310471
737665196390649818938081841338866510867056238425421512189298490256120302092261815082901087203649213059687860015932144052
312152372965401012224370094371430100304705936365378182698285787116018472065046604399487591707608515492769714203272445312
895771930553419748272836064646937404190367674136378852565562027293606050439935200165214326868444263893808824081129548800
728077365138226540295802113488096538590165481197693222313706898930167790281494421503179829897152752151301776403240023659
678468735160272445562175305000298549817639731977148730642767337808127841765963451130495725426302121251054213944472857142
912046564378407096811758385839322169590085793924326939712805208498602158113943612891477475363272023741182537367554483031
699397974643038662952156641780726800998826258215627850581619936125262380694576284350457679663610772387199957895874783329
282032860879031783386333603100360323593341965581244982049325734431119029410663069696137664071577655845849305090350580757
712497200462576154534133319562703836842767370611225082049087643210579315099784912484991021227015714666477869511199656067
764346600612355392438688168726712035901523207130274400449309054181001658489018983223140163801105907737717909709143763558
335843710383855583052260259653018108147304868440837503215894225360907491874052627756985086698838990403508481013468757206
037731006846031044302506237104695687997812492818659637734555916570394052262462512144338073696862092695585953665652901695
077657829985724163022536116447524910879983432114731752313569134092915333910218920925563755412876712489165020013730322013
116054229891685466704434997775011260718957420109979662692573542941026706301113010070014375698365541739266676405540504874
231627684654174845066384074903105938561017261054909854040384131399158037189729604102485628475971247045709640503862484390
440662306265192897665095676341754445785481202639750867364094557124963373535515308157837469377583421578724568472765580121
117802619787875966009083510441506815472535734990112553695871227644999773086431042172252517357656801091162649476146316601
513403986037959946448318765691327513114929032138259644056550493883507206104124039060628061566877543774624451264262802526
039632397574383833583714773327477167598741868588362866334423785603501713749380145662199332051123494641724214163743149503
