091384441750184332799638399146305463429403821314140223909092137136132197898231464599379128764811338020873506483546259146
997232442827978241493924866987130860242950603353730367917427376056132084284949283921463237553104934762573143024449344725
713277689631851808884489868615224319447107268459169622109872825359032002172675878657395686621940129882285282586666497143
669452676066164900502092155209060938375943798949220475500045578785137645505342415789476125056386475677784589365659109245
370033054819588472031294632247649303437862494307713321359951822310402329383842644977022854578179387248128271224457968142
557731688352235011871824274786338028481275748510659192055695313011197566951943681587226304105442074390474050427150009398
956317825053685632219472234795781342877103235520420210336223758500518145005920976102186494387802234499695072256784940469
433881383790609367235729610615480401254301183711780612461589355804368202036664112587081906320896226758898618692196891914
044812762857806323290363878509047539023605278644580281166554807318217806308823521538973412745082788155805930145260430005
226961875633575857034579564595038394839082936214803530933285593932847055383968834410503887279566902150667677386592656127
130137459292841710630835983664178410416669527593376114964910380911326839134837161867679878667473951052503853648024385432
145499661660666834704644822255715664882484391375376792900108734022693160739099922181438504001643619792457883269953137211
568129522635150834596039581113165029546650234153825062367556376627359844212013923882030573768944762832578888991319288998
028654449347605898274365978968708082782256177829906767637837275055702771951991386343502469093212963590268811072114484093
913686547290008857136205797552724290934787589226730582384707127205374684188700160847395161589453349445548346179574181531
354994641050183433299048065430457233661930497216843470439736170303828205240046226475465934446771099424513092770771500520
603845744621314386246733331564159841177631363920856003256507281524562493222822595664817001610064366592104682821842411695
398151070437377330873683127216659379644874811371214642902543760127698874753065229393258398088400404270073967923203312616
534187307709623403782559564237864275823100739201233934307063020152800428924387284933732687189046814798321360837598831405
672775895305219609006419013437735987151627584516892295128413529801011851081347859141583313969204040653959133558488238520
254070501765953764093972266099694608706580141968575070060746953214008732660899104260480916605381298010568108093477015142
508035164723885741246780584611685179945756058733328891370465283224012572195540051681514597974593869385197433850724507340
286213857290276311939773150664878758750743721703879346423585569277939829443938833839521456083851758146040460974069967613
642078142962008685986589730112731484882606839610591474176593668900848075513109136348857927140128280202298089978605735124
927322441656549002033282520693483646278058855975010785634322619447023896651900251733220362144990664078960352094071352456
032963980257806088213466777340304612950138804007805511510276840811849913851613300922232186437679252514320363459632853709
598634344808056341069330209151547463363253088864532034191622734143277061480650741102415130438051725014507441934126144477
430071731025582059761730660410943015999669358027647201154939959477927282299994396810054768446977410880732085561456378952
944547992852392370383383020083110279598888003559506851436428018482624549560068232717913410259953507414974383629732254101
415067492339485596662630197987987508832280946009360390483361249238421282246119735135517368776457033821440094260427806939
473720307150825328265680680711073833260360487037551012505757889092856472275700499146092284605273307947236365779128225007
558606286677563621610777334206162975801871204009902795916064969779040575904580480844781343242013089116252651832335556756
164232009625724021215286482213707615340633522641522746747772988429884247070686820627125259282666407943036927569031165607
878403933454193482695546787506444169875855218006897033134590956719800609157254165700578363864502214132919682725526943168
165564867111868175751076671710778952410798680271144900979041748345506934673890983704667118034683380953296362315832094603
488530909579930272173636487111616443161125798300015623797380894096896372169660901740742113050603201086994845237806314768
512840422924953422141167436653544105210022385082368421392681398047163365807209944977343130440717983413665366522022657448
218351156309055036880743684708949534912636104543309372848571775938218085479638937688047026898803371446412509421766303429
947548112123964073885093220456353442537063657539825343585490048015412033119017821993842196208637269526222330312390358343
491420655284806812656345940770959553956352496431434021398032600619901186740153789173393499261331060914870399470097267985
425514008569692040342607969328954916731855916401872547631840637166825214083628208425959553893107063972877493950328462077
260494874451208276655761853249320210095085917412903424182224668123951360801884477333265335094162279818935169543056548725
096423456393536426405511040929842865372166704672884644809731694680430719150244199327725006153021971983455182780416605648
430064901200009890155717873957377330259240308586288059312151177507696422720516488152905547102873696162029105275350721450
148879464125881259535997405661214680022319314485922396058457852387363905807832850539699027199777697793570084941122247378
600454482130215024112157492973918692724216980655239379952739290419111137353029104914190908097807374447284853342432797285
858645261454549409753610713150477015080750506099325800479500400442303585543903253603302838425668735980303917518636122246
023361657169093782262160280564451029851277640032301647298531900238510828996944560634846802233562286991476300478103136206
336465165727840455892869219849607690875005189618365113904271952086798455293805893569196002262893456645803118270442260354
284978411778792650002537284680122272121048034440137982158762126859469624462237129553391231932960781288151812038666707380
065463820889629478266989191401594345136064113285676798656323431082087087572050207806517896711842285684703121832876731510
997485494745609366183664411036717830803819755709386085123605807127264744755628205341310000799049106736576729103746247071
508342423445220952480915146083624371826517781896716115521199321104675166721889863913797546644487369349672169139286010845
593817330515651741069816312033822218436531970229002978599703188104543296507548614798088489508115989093584471327954176472
234450118068093517197239677460430570913905506017677075508476505010478099663211253790582844353075686868233630067043361476
063381562184513698588990234094951599602407427151007157251910432975960724696807288002152275948268932397731841470346835689
084178615338113783715599744808963996705404302207613304305054213287490874639542007224240323405062951561016897186805538258
691147617560651864757015817733444836606185810315192805835450176980813533645538508997841173231967094949406210001153999922
463907605747117146588313467368657134731866166128595830750010721861794629185402030076136826263794013534792338905521734170
724304621537021713557934036579321333434654666983542077131256513193884871930462757240368226793741325314639845971410432208
533260424374563347225969519165940509244848023080538071228054016646843862404555456159979652733265367592243198007367858510
758301900515051476800205642422655164618952230458351809397482437325222200984675262301018006862573593591724855240916822219
921690213980983325293455921119632273104367499819777168754590495713981824424937788504370301759935741686857798579211989364
324784879278413760282252613986691899913322521011256777239382960158017336846922167005321403231137224316228441153695023935
135889670002846904528902642405933740348451443238111758256424323401532034541266671512239504474177778848975068240491388325
120661324523138829300819917568630739098614649951790926233793251063490431058016617942968294394588126175704133330628481267
796261552891042557667447456047963765002490166050283951325390114342973000340814355249333757964562141963480897892917966944
041988607375435599537241609339139622955065985223572812097484067769727879723418663353846133785890435333031452819102278588
582902323459951398176393353542623216824495036439059484637517801445683281483836893342469451150552133855768139556538830108
411307994380372047195453549033006217494259283321015492994978143863308068548522010144138641219392758026387848539378122237
914814956118801029160095242395398626154212959294205635282767028097040749761904000054173877245467968852556560544298690076
438926135456101575772666198186479166668965473273648642888660409976744367178534135319351571993986175167639946943592461686
952574906551639635818587299440889749197952088352267809424675795777767062491142120141087042944254646043993245757927287910
903554216169357741061162175967384731073661196745633588860493361657513622551473733120575854584597570670140030873869786053
698368453617170714168430351260644897819529157779475553471957577842799211425503987215072950092505037078612273301768759518
