464121075024665385996603126241066202363064280590283762727490913534682830517686944868807204688744818110411275512723775275
830514011171350754912054998157234776529580817993697773726187804102811617982198527337993809608584911636761066548660721260
237781003044382873520526203502798939301866791844964998817595705382951220233823280873325001722484670014234544414506711218
718278214743971537199940419174930976567139428796832947704119811612678067479017500949986253626417016244752931663603609754
835556002678146520286197454130212028904269532497916815528119474499103243661985292622233205565411049868315111685772353468
112896893636387522750337982631968103281530527007847729530974532628889482465441288269053860325422250064723556601885787040
907830761210437042221896234760712408085847443737632946182154231427089104641324970436747891665140620226621309150021506946
769880806329729160978625321043566551049224843357684267018814872943072102029371013761641586111650504810757703968522098129
791450469419282489094375043127827506923325494745253203080010246887586296147973536830603969261399079994751322967516489755
338131603904018103555445172045721059447273971947137851132615391933131139640721102391748177323786289170289218324071212594
181886054660465510220324720464781283841851783373542954580041322739355052155383647050837743236079978010889997236724812530
255277098560810990210782433526409072661458184045654852656140965545108756917693973559770100496842006977828754626281401667
842065691778686197630333160970684663868428110131689867095478636143964600013588960565329123270300067262823896072901016621
517442865315257626369090075670394052966962153788788681375187649359646176173033253782999780873493365827724345936048631552
063570786573798023001364677965079286680774434510979169788474702632978981936860620710569599068888345527935417817033658663
956607744223536362014608089084653029395016083682324532888454223652507631507764741343870781500365822911974440935345913044
808470566519400190685594123867271259729599015034272878509114202869033766510168802145916472413300016453430435544764128106
169110129671726291068356021721480198944657952416458305550300661680387306675449348339158623901309131012866728379957511322
112330556990697030802933555019293945320064460026350401137083353242992561659429374360117450004816727117254359255495795820
655623244286914760452198988310779138343550614847520455091047831902138651803218508240834052279821648918321268239676117556
139069623975185851574875770206989843108221107884992859689276395442009428566644787706187939790675501570500758429669663637
107394328976301405345120988971739160592693492632880147745903850268382548244948801475229135937342174453490554378894589174
114232104429802716044906077971969036418803495320111399791457590147537955035618087958057576053739680150606553206451405001
145013558011480451452193662407709166681997166245645790110548420111871108013623987278630797075134473914348252496499019273
660208399455701415704856919196066280823134755319332956094040927459262046506990242356169835252667406328150968580245422728
213800284221549739233352022609920551332710359413787241990957574379985425662214242723288390197881783307709520283639549102
154510369402458341973733654160745573981169314666364978286905212241632434544290112306369812054152357369328962584000952588
249967738925796523593524052579907141178880976560312411153782479221857457222269520824522127024888328951367823602836558562
050212690957637265726591205560378091135748048646759429653520906446069637472745283832806180713775831154968559707704196088
942489026756141106731583754459220561061354227109026512899684095083360843378494913059508099792918039421400188050593094055
008429954097376630171607919248093488259801842586977460826750527051432974295906692296545688659119575362312390680301168317
427603804119456571913406908277911422811674478794883604277351299379011241182287513539602783298256175602569373318070253066
759330912244155309164878020861402722806385467053132260044018460353874242200883015824098912742145717493461818224781997962
146191676728910027065906178669052381204947768725074182184970349918806327049047250467250934342323756815352986340391733890
048980978951694048331038027341282735494578039090418702270755114628247897712363200765907966948966300596371992758448065335
958209494314307324658034038333897096919825984615760587615973796494111840977385027118204471004712639675525944710977560672
512121910375069772575510262561338041751116147140425917119153156040112435223471844262098274380172985689241763120664479332
736261023319490368003709353173110545445667399456000366337171511242432243520456109156536995641799502727601526749549878319
542537081273847082807603884147310487823922396669129016107111722881006002716938652458589028812444585933775164702119003200
708761575500109504571880100065468103855573151191519794530081418447207964199477697815744312749253887944977972819548986576
001737487365896737794158390390433314490584639324181274137389867813993783375254602489894311920636991713691711233521074248
148137183637607056163726001650605984177986315165317029611770517735507603566437752179360960252821561667986718479446325160
746569305574750577155411181946254325152551118603377162316877088426711677512582289139597845262355979549854758253110570920
269328208316156028506720984398727975836787437281443376419325387389445847220747153611596982170446748219241387499764545606
767991739466944487453336171323971215508258427044795976505420048445267273122153083009442605436882809263615692184740386434
221513786599312979115492064222655740832559242405641746002485387939820663097148814128571236179335862175052151942437739531
033546273819561623001720114293348773684885264342765508206943477430080268371129974107120389598492006812163002317597079710
697704010320271726745230147467384933459255611913913622520801535472076962710601673639431412607867752502357406755088259414
585372644240059169097737154217844182091755236511152282637921517812414739461813513080312861957694665033072243863884885591
819900444754710965907915578355339372414721423395779709156488742623362705660503416647937919145539671580046581772167000140
041328575837478432226071642663886302436231111674023418229810377221232704544299413214441665874725710114252967110029874606
443937654153977721135751689979645165681000349848488898120447827928365005644656961487901565377369951671848569089936720853
732468500066952859961354348252216286072070793073074029719513287203179506060306265635042096862334909814554795536456345564
865226171882432819996259282163833295543098807155821222940155883221245919449071938268618879769967523094588915979124779229
878858053803209523072560030737456549369871057386974416243913467744137692944825040611596390340297826128824573417579251794
887698997100729473813397492018731542999801960087616120694614562756119739451170228881063715118980641823965411254896758279
595525568877329079654765945689663090929601156196617806510037031063473385341832162596813336653752637746613253356795511486
504194437877397645774481830012222177602564055586561111852528209243659054657633669271693808936408677000545763768135442812
550772154088612651230569174570326955668941606647426492019344038391811249514231449066019264866600440559470666662150669041
380532212550059009764258564668402858123066305204008717478042359483021086459053677815242769186362062038773295657672682274
527052527581334498130849750218760542591287711969998527993049701292861225874317714647560893237829114995417479714658419866
046808328458256070528823606030823133287918765595141580990967572568723852292836637068286428340951844182717193469019937743
033061105330638760152029198825257471384785035803734179429641338623733188071933118898095706906944494323249160650368741987
440115594993826859021646070569574220600502114464385872384516395783332130054263214554888172967270105621730742524263384065
616796287758238725408540807494871762079942286085480652173329051565262648222928359669202932130719987656677666590618884612
353744080637137151203863630759398392330305131583429186530098723552668332249920393956315610976870567987530886161266373522
344351930092955732530127731707963114066480358178878861379742051567526221481210393065771198613504140186474685517513946510
653353288334663707387056018291902460168706910283859966342044433929729430846812395475338413954041892407359899501940284718
403519266437492524680732016947740004381535942021136211391513950206866105596792594956132595984959068381134978184246636952
717116111015663750656110324229196806991981564254033055727999787438356905769322604697935760617075123940129285574566368959
045557891734860054029971266451245816184965707578784907542233588453863833063147067754963084546757058969821887546082840912
006106015003053723260080021395805739293046636403383115413884103761064706505384873166118105361110624719062729876247485787
626228879033878154276329901935354329953557337307511027803013854419238189832052781129185165937579103653832031001563485883
418541743323090325454236035597597259638972016858392347883048091666857898290813780117632950216177363107977757121480340015
372753500671957838719163595714718447399528835735157035996283934025467795237407002291164919822275268280586579879293807037
