468468938991048113749437652874472536733729059191548481935922201999275452408542935160378825219389803206239684018313651949
140358443955339416098905706934075396650627409494646237546994420143583672926911122934787858295954108129442796407603797894
770020837419640491593699503614237718753834173675082838812054532113771722980305662459405814466493426523137320890221044044
418862390243287884151258759670624025220046451648154212087575069725617823089992581861684809553238595855260885466246348828
630189108513704378053060462741448099768172974633110296397043725382373180427418587746476165867921574632783662140652417886
251543179484275227509375586016229933318239345245365801497589577931715561450472149993800894446763922073471779335438978754
975635897513803811646238683324228011751902339767178574888117281186449997217085214851557694017362044694090235389626307943
701473583347628802886467893485722178402329271509488610127100472390904065005365296978218050929712812669634802134867355220
521673788117275915536425965962160426063165293135739860263918129734415620281389486725181115212027842515188009494857523619
223810979857179302704770571605683197922561733598684881473093292351066404787274023615346434753934262882592362494868036497
978660061094990327485369833661363973013648987291401886624075313205081395332900271547771784020919995039389240988804446660
485334087823226164383841703301828673178647360487659268032322201481809449419963437870666320308135272539930064588109244115
076089333516260485929172929695570147280519470870685067028843577700314682347847092810488512126878405127227033861343066159
553285461581531563310549528635351649253785908028125675466624177372475638978285944045913812420219196798520140628305882882
444386453615035651790356051553259798054299516865001971165144822240578488734476568096633744778488774927267181459247674226
727995324476918227024664309805514761651307444747013546530550505642658318217691349754803959523323337280603875321739944826
318322789513820739313290314734674666542422187287961364818169720423941258542528261924003950954100330249140451737956327024
884310389494709921787993475658361697576473132443654060241903368139143010683643272600500432864970642881309322117689128235
106499822510108463943624119099135651610397584280193217806477320169457669886692734180373604275214270034351443529451471978
496559572430504565612157454214405768145976182452985355416469351001450575348471422204975154517423709171389348932105189004
638630131892606905011118593391806128842834505996464342179147913256626284359948882500176751275082513001406955436847803199
220493370141861755057567128337866587979986497251497215790309557599075733439150989231511583264765919419625124361668530239
452566652054396576931095607465685589987890820658459312325848106537360821465488965406905686685655115783841451856763626399
965879669162085689531180910547078946400462747511315331070451826671552663213833109338090844259939951691702481399010811905
291002896025376933910899930316663890593357703728736780439669806428740230090064309089953721025994298382444815946244546458
149466155934302325973528387606781349640063727813063361761766895690761252698368067444581110542093173242998808443106413838
795562914085233017209289194888919738824932035833177348501576067550517699131507317546930717585763746918483219182175700251
238513893969713854384252509983805405069358055488551546234582880453741201431718387145180435827742302562173164422303708859
619237575191264616189159674429579716572836823644185734492843109364302618246823351258481852485476831376257934068335780068
431729042261710376212500436388575040375793391022304797933013432140720017290557881266370832684151773870610961611844415441
505557502644635809425061624850954415681246541202538452767580178048063322768880607422378431803448044423501551467010770121
000488162147621353069291616691549266837819321194000225953344995501944120962445186446522625101420368506450348899317754378
920556143553544305392973650413610175315424301947405017208168321515344419540249669326747410034675346570342250115961922186
925951011932676936099877579961718090637421075387178881770051234908133763093722229887066657497497604351809688333443411659
951657688517911008315113496836016460528562770569493881643648244016005455222717526377490914022006222566702036240655825062
540500996575076041205652703580948063234422998948422004391405686924246983816167783303580566968581653735807701066062975942
649343138869230357378854628239159432134412770764305678544634567970914208757854868864610988885781118402363427293952435991
160812589835974089057373586255082313683294543074148441051943270665747346791917437073443327589146547587140152545698182838
370906791470306303769831996926481900440546921389520675315832899476799375926400835810493530547795917295333826832270038143
938303533606688243126251858227260143785079123580281564387905890012304066228895464909973540577625537103480234718591164316
050288996106067667247528119758474473472715233853230736660481202386060243609898080626251598068924160022355504929178413364
330936506677931764004302009169988591515385701279475994934756417332718951156685211364316233828367110556958334653446874344
261698451806292287293821313731974210658894865647755937612903748276353949154685772354590937445207859944829321767179368752
069601029819250233196943371849127308838947128105058027931387318855548615865250335754521832649843946340009533338018226912
936228430967182463979678368364787983792518906085352046766651206574704103775319453123341295574479224388363954676570761090
238268729816553799532988921364506004872913652499334300797648093411564506129886207614051424556835660148896000861939249638
238941904793212329564986404473968666537040681079695832428882235320853904122790387830351501981504345609870577680163483877
631368019591337427948103600141603665355705007541068367850194282819367802252668560947752186969351874632589438346084884634
446773957483439367619836851651217143643222113378810257117440675136476876569819461537535713499212423046090283895252913087
824635601577060297514503919774038259649174393593063774970922893794340960348599764571920710213136371175325293958894218481
439398103874728481241995718095982615127146721039532697580422199829321896293166658700062091013550224900608232225747796683
396317187953757039207524522564469332877218450915832758173333196739351651082523119325395979224285919211722468531042604334
034546698389730593517454377458070518331953522251507066297836832861351805164110600441828260179296843367834764276463884541
053612177518881704090466691007122811198938209454799299764676263240572374715336020774427627133839707817376456229266510102
946849666459876469361767044173269520582430245667139607066418587536442315529594960121216032017508602973977631260138595332
801268262149262280430528979870864910281608696207207468781900292496350224330905778666934356362469178348019580850582052470
336012747319070926194236311401107541534558387498075772809249126460059608634681353145140561391236043892205597670064171423
877867754583063491580512903853734495069002608092216488268980368156009054624894618737220146399324301047514940840386938694
136604733798444956852333795402746053499892394772766115427373144771950619193383246115747504015887156593105480359527194806
205874236627007112920262343665703347732362256272963583737942081318165317394652927840620255993480351317260246268811012468
129834769188584803524523205514305508055713449511989819666490687356175931783136300347510120094319417829446243931782941510
668953167737937816333459706354126098183314377315019612120589565539326589117061038733058163507076722303910783912223138356
910554057014801625486225056602908984981732486592480432286865283290260104644077376857113122516511269644179341289328112726
028313779835808233430048506902314495216725308211279935821517953115175127395192702763319444260429430004462591432817375018
565516272917298968496084793363770805762727403889075404485847526356873239067129238184904044219900158533420354993860483513
197118792322438126410228138271777097302360622422648230270430693426000023596440325832023547258288707453667554528695507165
209015842167797062347250084746396774024425335354348306823596529816537452782975563776226230077113270044218902620102925340
570267668843371851055902145976880989489199380065366191567259055225393728517542960899596734256657536203671456055789131279
300649364816061490481027509948362901014995336504338743794048877344026478735577994134909199622618966529092087238220747292
753657212484934651626051462843845280377425033724331957382598243648200482943565695030451787750648640806596440905774069014
977444020068930895719580518889564511636675667728745535471223930516916037624979858902823864062876510178833247431272990220
392051021685593403211762059606394248193886339937897906106286752737564174548269221224348661675347089224102455165494381921
989794158172023398957942873064575996548435543559075490393644213718440950368704414732295350761035615975463153664595327505
934613638542366575045185334553022175346660516717619012680665367839379589220874713727764725997774393848868875230270018850
587244975146384766926617733104805537909106262867808854460993943482425760809289185536075302264913195515064022907306416533
