729026951142874622530130546745525309573522540620343832482437812216513047911355673682423270487678148375933795690641676929
971560308080197683393135799298806155609072449424429793461398901037633664670616892637127855197176897277096371923774425051
307754657026208532568130158428798359350174378461781291002288452328350120168687239899443141389832264446240028355861927537
710403751843599738578645651829722617250196502914364069287820266572854142256200349961876390425975638571384397730913552730
692992040507419000414301981816650971311094402353511744513213696581239404353852302748838036363372852516655561402887971243
890391967875463985079425535972007092300416809350008653494113147196618102801242682374935188210423179127382537944503676210
726848986499673846492190965707167439419701146761357659243179005626117586748293163539067682011192037246232461025467243649
819903683606473720080967856045493030922245936025785789433540167087201177436415283617980065671358204640110315568351393378
135043055257119919276907997566781214176556170767522730499668221170615272642530628237704596346895204462821531893166636060
144816505130314535632336032633858846657131922796922519643073004206469236068274509208049705363887386132791991701259546597
478433738949932226591344055219212071800558052039714630332965785571965003521310783344590218443902302514015747396414477887
937246273677997729674585426544787083714637930551068639552354784874077651250188737891909079160659330170950597110869972742
116420919300568070641196484803212099790262978696228377307804699396526552604649357372174770988697509343745749638227182675
531565342479178765970436262849143381890480829806575106890999903801817516744957181201735146235926868566610802924651092001
333301092497511846041718478881877582434124793623612701277623834857329346527431232478434807744237819521491675863247309119
565550622932835747297504822845463324773619920943778536845904965305853675002379562369864629666559231031345791613576250733
992444191464561864340768334556398629732711371778051701181232728940311394627534829483433444933015255110804749443243979919
916554676545822721721023560072063322133262719511058013579635877075595937132874259674170311695687880337279326852838712646
275471526314196155898563119349043351080605380738192791960329166948724168358844360228139923275473662604986176117954149274
936657330870812670623204715699191161255808045675275490960164799081221372069937278100167583268414557069567970422008650436
101455328982286962378262614910558531303763162462298120311705680425448331056079114347267275615738370543487628134809884852
870008810761831066904978196445273186810969351473599569106510569226195627086716561191347509947110483268290442999939529565
192470043001561725102506119217892024466705685804601081000512495758070636778082988148904156946552740491410923586755028552
774679040203514077160953965847662009504032044846149741553356755937541213736437242677196426252140446116554748516294880472
389735175919287124845834391422363576301186116028988087774377371927345932007660608675043933866628977222708426662030056208
675642481930237755789686801232986384558981453434756566495002658554728949075153695056837656509878957992215952524946903375
731174046234266175158946130563572836386613876458167054597298149529599030231322973611033260749985119855912977607799255481
026540554270803743673169077227985819014683579408664001692212121527573860413949762000640833728280574042305028741481900838
320916907871280494685784208715645628336137520862072046515926492986990760957818563752110406269617604796983202067149133827
706127781435207305609251365930010174533847726428374026157469515066086852722869343178084900872207337497934809042561363690
577632953533734602590910558754599397640942911840187105731599303075200646711114043587466504277282415170182224797739430897
736994243618851804178887418640888343042707041391835436845869687593702996809338262933986792055172807589493046867226990990
393313406175473759788632307620720360688068949072048680615716145018466685343228231169776984922573537313519368145539869052
343808231208034639950448057874523065137467212794205390860056875051222612181971251423860457690281837282920280481559774250
378719863559434857552287542558472319607777698043243272586882650543320606176311308374335498500412690329162235450746313790
224467958636532681090437598386899387090419957075307796887198276898819868614582512800035104718465261230444362109222606755
163608956821227447887429111266962303187411531838388777952222164770374374045437038331164695959151471101741965871373862593
482999559965254754508150118250613900451919567303909532647711679750524763413444339315834629811648957721214632245830213851
848624919611150890031902408385482243531913796561031908798999140401150288047856614384772980461530200779596175467136807380
011575769662087564299622077491036033609960058497193446538250029281586558702514175599736197522472394250887347910138648759
926436958403171947243816142146791599011262289672049128669501111431928242479242757804357545616170181636213518230010005696
190979995469823547674913251690421322351970093152388197251223277896475311976592791776464609713603125013430082755293688363
277069898731812978819326889436884482074161316837301500863971696407656641057853875816488407286661450348452898477496844810
105658425034122451317788458882721006557597193925817683153131950877803786781852527311580228852905544058013012633014137078
504182400573144783100242917560701505308408438376607310565367790916128456301180244486436356564775226154945933098403402787
947430466052282317415194619980922782765325786284841192759546035673774856467397176319514481707543938029264246891980843507
194765320848289887912124763389524976608908981774167353345643086116545408683065412259847313916151555928846542190515555339
001797763880879232555072111290612361043286142072903182987370438623711083279581906716186586030235923094037450965178273010
292982381342780145917230113240495112734186215746166321361573260981602961457239402405150704507742457798765544158267577497
281038270112880097804507417986984814177358400847795411352706184361644928440865300635736815750832701657676621850164023745
331329832803624183437778112679498742376895524840527491542088112599629346547860182284445623208138806777495119132581177027
492629619375088184106936969300892069144356204057440446495280106490905893243542842779755908208723163072702177411125204979
601887622701794867979284072214825691139469231596570078984768287545692334961773678403316985841273457482290314991366404376
955669959764795872534459313724120309720744828968817318093984177220147293113772302362935563409227113542156067410601743884
184402623824147746846192249451145909934654592025248921212839840573661053892014028549945741778749050688288982045547839243
394826053159962896830173042105480852404423785058711744681337276356580683118294921418086953529637583284764237653355727932
027711862680844779830819297834800249438545352326127760154675047613509628818955891018975179426914918038628045629147933216
758144543067155878456215178901217337073881755938842328282329619631562942075934075145830743554443555599249371598465025472
834123148576096458069177005107227294564376928550239604613255245783170709501394315562606840166735499209924550977476118866
887843844901583203889516054489914512587477300214487028612026396928447411940984673386721850544252852747138502502631096008
152007157599665782236687227069930287501020122435345587356120545663037378769970935194973346748855105261875108286010193267
772656022859342989030658829928056756123423319932231131560254906511843033506299161667238066248513806478270132731318799127
236641481547854446395979727842997081897680572179932947917578811040304445690932447445027644680862651178457584357968061329
831858355772245220428229612633311959965515918095584111591762700996262046395151702023193226430154743379046881464001381218
814629370634136396519099059214666659427606794300723419914858361034555027365271315577442706637296980203962207182412013328
572461574553930146836448014090505425394969748663335667005127110876747142651207497223881045689452138030416309321385875117
599092567578506588323683517051099574741080631365752311223782196942509255781058308903451209963193273077005955878212196255
274101792113454796905408894445110026323130098588432822924063438396270142773237572100534271326270275081108641227031174838
108462791005804906236120980653707942386983404226214272786943453183371549299960026740893087303972307178441468629560865529
426230714741838610922880165070277180203156517060545089936865218072660540838541984844682371843374353877381770138375661317
610900301011778968176106462153002051828190158117917453359270748543197658744109284511063288325759591862913766578775068095
348147066768509874969402425377049110947392192062116676998314496736782648946073932591395650743009268027470163859662164525
629664870517356212525054098090073922636454089471314231628052991731428420818757796884354347908757212578352098642212169373
902882881354256833395448055086587696696689340404820817053247150932492088568752561659268249770609882900196511943564285943
489757152459241028306629912066759904605451669613126347082016094191842096746451189102771812600935871928927727537856113078
