229423648046851623132531460847774564947772754667949532384800708743199366873338411351438353151747291995903047122363837438
195815346455630562244678085926533196787265180164302920852108478264287146248199110261787077071448665305569202065084375825
745282884345219463933985068094477167925977372248505375095182850643413515319800721647658279173220412353421464755437502387
492212840309887579418247226656617265372245041693139769086374530697477664824049813537725659528198476410935544832267293762
639903393451919768644520281890912837138168886442417137605667436593298675370974159472883040451152482817700756704902157284
960733211662152140662186409118935265771260315656164748076253494083722150045172713815431929957942784716698169006790860757
192171621532610731901219142300337017787823388084801708014042273392030480280838972959805608150574454171020144278624345829
227572019753730578275533633454475207509669620707650392883598533967622623559020481299172165354668455448930027365159315024
517376008580699039173070514328604904357469278713707824030990104800916057121208402058531434703191599867742953190598312472
106109528893519405017942663014427892422047760133815291272602706723920609594021542347266199604666580288668429508888343617
607168242485201543393887313357972824043130225177777790786934548730209791614379047344247963409564883463774219642182453358
354095591128402736205147336788385394961667753841465655630412865901199962839254037547083740417196232881985621804374184997
442130705779391617695667112175746325546998215544438632200175012654135736487553580474006318338551165562030236364973207413
649208653976472713468559971023283996619741068352021891092309092628421660600827571741231765710308168295628374278291812541
997540403692720685549695711915088210640978829411258400932868262173131020600149016321304704648773557776604667093473270331
453051994313707312790353190699957763315740694153444451936868872621278874913535896233490553568911363633420569603726934010
196424245478946119330273657760088708890277059219054087768776767212354132339253359909662100841622907310440324488392833579
156917816932088839754295077969441900338650899011936085129562944984083784784774296967844222010125192134315790388833870021
688107604339260487391280922679958544592313027623057441235391335978227424138951235071594345574940835875056042750191630362
164494834725194387922795704030386586675835891044156085450487822897016540090510586706207889591961664992293090174217115670
892170599096769940147456616581878052089664648121279748904869086171776527338108601918016962313734372920033052769710650014
851747156224931989291852858442628133476692592457845820997025922711113459179809898143817663218894565695980823846310486769
940835238139322202232398828772061846763654854505553199458431346735298964168357482141142911232036865686421545864513314891
971674597923018066850701585066522238955431513277424705663427353256548201036037020299262907790298144249868971280409213351
884739870682132697789352223701665224406605975447648949056188168776095959349936793887464605475391788592445526905777496326
304608630865724357921966593235966247325682827184804471659846311435245648006484512090704212587670755439501631456508943837
918151027723135191645036845838483648312804102071834805680311663049322180762838459766824982102770569683292275203580251266
460855014526792996513591199582643166859926971620330427206965862868520654375864351945746977887602227937492371420168793457
362288333004741053886944494500843514849039328721920977184546094342444955043638842538503747739853000811565525178946163881
869936641125719527742680808118310307494573150489936232422194986576516891113835236130929685332138606327092123689125095399
627146125711052784628331148970637352709809082207146840201993212549514098112936686992343972982969847288915563624594038639
279567281639683955235201863592137990939666328186511814151824410638656401112097592268039559653970423601044602509897293812
441853798856553708768133659543285427776282871474403774101961346974388526404832719450388370161501652483609957557539287055
440908283842447465065124874498805087717368449778732232337972764205142856996765464371856179971841302678030104976338773681
973822312558103364583951272707734315707956093080943055910142622004954943679145640378991142173250227405277308022782768823
476742416514769491655651664143212888972621469766314547911879609882253131152102721112179340750072800873566896287956095815
395989733992046230373333110542461932604695468972523366318390875555666683325613318336790935532147732817032781294989323096
657562120952455766797026287130250781368411228216762659470772707939352935668563339873744461627665608509632216213470320214
306905802572683452212986072306443183481622795540141472536271986992186184843844299399632267843775294653044547558233320553
432546622893972655673718408849021869876370565048222192462813867506162377223388930336957833341402715477273482820186992686
586953908564775938141464662844027459132638398180006463651605151674754014239545614006981640875975136396224766291106358160
630011715309699302199240627061077969155517219246526328642195957565207822970856565078318573577889578503445050707545566217
462076725035459851046770852846791921616985360816986752052268302378748238547483955463984251487287139599662775479499138924
325330437615014735776473319914371022136771615791417153548060618758616290307901794163141506912692974472855095635131617224
183918195095745258191043072500112350636558392198083815736690496575856272917525987712437917703019289824567066678961906656
193745571059196999393053472735810565999736379873731710168429580242105961867146932297403325758271995559909086827263222763
648352835795872848282941639066696849485525747682426470759752752868694560925275789375781206805417861437127013437552101694
937494648147720085432104682671896798770211004802893663145174932519542999573214403409947722339437535670655332224645525729
907479738423526004533535761759959947707471339768667730975397896976472598759598404958908859358540770319071269737288568633
089133618316574180652514503706386785404470593586952595844338502478151491678683120095586951372481540360698168869372354447
575527103483509355219866024710679537873663056527144199694571872814836268797152424322324707679840243939562635748619226535
916802418914248959405376939593848731065463422440068780255509160724500492621097519009411840472859546003256784642821952355
355280124300287191522394929451340890599669652296752063258420477116824435178120967556614854447143108501977954804649324643
131464316483637512141372266219244091077014621902300344849799903377648592422589106245334499585301533409484630738486836540
702040302183400635953309091036043167383733891951900240633023680933292305380183022977678686912437386502985165540257455126
315017233722588432330373415998391426727243598997251079525209292203254535003668902591283295113907503179696367527883726938
034537869183264882334476544793285522929868932683329246526279686028677622348841945060462996873476665084087756583456518699
977036815831318325999421479283305940851091409984966932205890172585592674792049414302750220666053233217848933936202936770
057825482273880534928579830988343076655715685636449003859371744951514456683535083414374285028751888716736296162581027300
780522196391034609884278995227632158972481341508228623164837500183050361898521194540810755272570931519001215534616216508
149137583951398995571615553339681470676515532361026313097654400456983667476778891406956181408242021364398341807168664579
553212614163241187461233348395182430656258869025141715613701885550162486951889071180150475589907105882397006166448385662
463847553484476788546297409779871943830374746862273813009379141244353650939426483359365419387085880538768526557195784557
486492200456250323781424711698267502506174596953276215568784332333242268208106443749097542292576095872150936655334310940
804144671782063519681362980234015113416410233945603291811798020656111393353618610070493742140392857517917649532324402922
817892477930097155021399268545250741245862554027206669543836068485156193266289346971753087413450184566940042403412361171
641044902064298635431945688591717363152926821563046715968972528651268873703708658510419720716465718722776101385439094246
843809818661208293099076355728100438859169113575349468557577801909567590941609546689671470686938886943524939196321012486
345049003356312131638076330844920345596382988867158595141662085610059119774579143830104273175503015121576990081238818482
547767876983828503765717928422651665230786084411350515864162359950709155163917768555466262577903170623741401826682905635
904958389791888848321325964213478805609977031730788928174154059985403558357314241451916454286423099095252134571449953670
468718332305048171681463022471687846922003251679317834233914859579213173978444410979210426617166632626953194343496949958
576137807719798544531965774303581309646173032741081568359654191130046650250696717892642366242225643284544661701985935223
242366471050675827541004028341075246674896398283283410841902205847577773649870448196470010013453563613754240325335969978
617209743876795421526283790673371550907294079173048135824446569345689343369152671540474237998406992123061806741707737893
