606003304366643685611325418223371471839327609635891329488429293202098980166162906116141214751977343340073002955963063054
462778120805791050035683854148130238609067697850143635208831199537817468632009975603202408967148609933293737739369751336
074001961208888487317958870282271636285397214142887600129528226298522895541446796374668406832978558169385886118488788745
181742416509143166109166937607729270749012504600653610299313661200412290375801177053363066469730097652226753585461982908
205032100443495468162703834001963939335300946275222213720730239734764339622017989757645984926990533519502938373213053227
685035500829682526909905913616623308366337237272454965029194167272026095790617102905692411425366325634819777054598170224
204108643916579097814752328128106669075748134772655724752066499061619188652406520116308879092441696169197165256296433498
750255509768784676402333806695821000257001472431098737125240466487473063121592410271498231278349628131104370999327659252
932626664512605571101302654970687976561006310825255057429012613728978554222363731171711874550909258593661381318339489724
621231968866914507245911253104045316166548141261480421257661492233471870175207363095293779298586909721608101329509218601
341638607683753652615499070808780679245410350816427969384366368269123869314452416845521615037869593263349379121376132315
413588673937745854128296298087801329395200887519343993087331082985887093641810651588191702221045543992493383526015575489
671321692385623958501987266624825451376515128156429384656403522237019068693854792897499468996562991260221895176263447877
700147332766854707321287673191020480637385938883517515509954171398973175921868133910629331431293347512298200285670607974
861209478963197304425038863764075287591946305685799272725175108700740044646112083859110252029864886211117516914906624278
822487067914884597158235330427191378430593551587925150801578960725453489446419068669651656997863392261012184083717462768
087123565780834657704369900033727598498661498963216522016091988049821432661210501014988438794763675656221535869472387666
324808601675574288840429844345001242033284773009651811913011464750711068205567081397870463217398491653139203081652752746
100277762565592604960584090771108075922068637825240063173349258971127694699774130186208221357993527629628881026091552558
801129840958054107250970133446243513026476140795376303883098619114539023367907913412701021856039695498536160929161790691
545125267006219261958324727111505681590464942875310901788226226293158741910336470467640292759955585507911573764010431435
833962572036794698781360908173407708956248433642878951611319031616166436382653813507023639627333094808520875426770863542
057258061272798489449891275103509035837749713940599030084800363885463802948216160758105904215582020237248122662669762876
546140067736383917496474811553280885039638466890122711438646036246603557016457723573074353174646263122396032472746558386
269268003667745049179870481460398378603856892661150484607450941410053667406259920399291194053320600504567637588309557581
968082333093422421449802446645522601145054365469968143349818563213397030384939098318844509596147318765770266007930071825
994158954504052105559461622546127231940380908556657991150430178940562359796678864558489397768336745462182375343889240202
505968665635667998758747655932884290309448610978158998430456323315648861416346984056793034238492239277081512974833791329
560032996419269374143197831977758647701287812021695906388021376883013378676141600833644196086544079765395855894428134537
798361488960280764440325366551778602619971978642019719781513115269549482210370780805992344681577471077052886045964551892
453977866891382914698197493377444419232454362408086241211316811906766097916240510469438522043754456147227970500572743206
653340275222191843667493495001720665400436121858782201023043994048282191302170011161362942693231230815883204188727027386
933499363321107071515405237110109311968235579391199361756778787022155594539615530308614132497526158558376096634136157705
601934538460089083157519989782357318705791778955550357292191408094056542548246688204899833359697692180336815540635491328
200777670829326152830302697674191628182327504782715198140250108075707485023932758570464282151690275090461023971077607009
670694265501117138810975917167654706521388492893010598865790832598193581417173712699346077737374608943893035193308553190
990641250844544328156732873586043740999027581798781057427044596912983355744376384577038483431042382691810591224825082320
367084837933326861812412888056828680622400488633453180971042945454232128670416975236055781612983631947205803118836219907
472922849144478798174327587471434542429909756957893422936547983006369433752958419484229236650042993150652328570074022779
560361616419384652035962128140949091755854741117647741159152574217713564432592831472568879368290000386530907720435320616
881833909719838033515406638059398782774196044047308273957223094798664035176069707755426796908445863789321963708898145819
322702545319123218769789350603400513762978580515472637665234780416972049609455317593045031454646817086912199536211973813
134346912302586619496814267876438363785539602322663141396826183511916219096883573732195887918805517833163539970436708668
219803858540727787377273272205259094149494116359560576004431094630403883606861418691536379567227273330167543005727351348
332263336873804250201140180364709046987623406200898635051261570581235022269699471572673417212956626375650084396943972411
780605262088952072705888768659456560119254655919499582486967011492076711452240716385920660832339665706169749007849412793
031480530013421442606702952138213845208804460726059392266996999748669000268713886170340089701482506893068940570909450087
925088558232968240656123294997524987199209671784795460547691754341145573843564589871897511961373933913307675720727170036
448061163733556275014636660629322109654745271536082355959668393961585148258651958656636467223549740763297415358120067921
810563789058661357699223798084252081527205838649235325527525732488013988850041017271324272476961498342212843039517699675
064321122818689689337721164574475451850579437387340327539762537531159679312197183627454870925568385534931324283555735153
407766255194375921577802092300688282023791753529569881515131201297500077745941369419086264196342522777345942484380996789
571180928068358596841852173403321634575112250182734218821008951460608534001263057311957879489064412457844650527569055667
972878502556056751987758765550848116056639571104173431677376333051842724144216838126578710641493126464331736806963974899
305223465507220910164928780906579051823827770334496719841951101526834441760280288523074480279501247494914258122197244222
881326880864025169900521772992693710662480895943383846496574090404103305577623427024097103139255462455401763789413161008
357314860736169034414082116116011695741669907073371625980382190880540537322738168289164218238243188930143892574651637284
160830976742681096158346980773405631500282455545065450325366705044862423591471971152676074651433777289780802455652810139
784516244336452073784572269998831279582515967442419072239682733670086717277499269905414123650366077012864372008211444552
460658782716984596620261203149288234510673441952305080379525917263490349946588110169494366663594324376282849256216821812
050386040166253733546402176273704836313204740867106825816358825421846753806269884976942406942706514057475530395517408132
766825858066652629143675889926354337355169191930826644043188919272603702707961947152516092052905399538733297326781425103
561932556135000872808031859476713415521095900803630106795184856978079178055617207652490673829302231986797547755567531270
074882765131139981343897259712430000354442912958508088722132069103685242900290779084469213937640489402121754506584094447
509887079856612815078950209583560318620466312008064844636477033919911014148805913793448015218800570504018506751225788214
583760709312208537631158736797129403651668349554233742014413548848104794886688151128701635902215686129019799879377681203
086575355287697999226828995563504070623974672139002539155550002033213099019062286905337987447850161901742217410403466624
049110945080944901723943364249291547460241545734116776312775410060670887183469439254686340057970612743207206821057548586
692970186616184767043646720283399891061232820745876789408161247452480218123617377877382838274692978546343134193338148264
591098364955330925689915785079115117635267837357508304620980959443283402009600532607956650465574763351632711325651316678
194638276299173011250495413890278933631250843579906271604783038127698802889013151832013384832475797003062970069901984506
566177565644467536848039938591734470282328853013278705899091517739816936150747438939490292763742944996260790399240035010
555480684282643026711620115729819219382388708076214965024812394691893793247321088932012767032938289126982884950145666140
852383699269608602435247215740414595484589938822648147933549215756622133757065495220923212109821475830803609312744663199
468482646951371159331396743586510143199723538569059318285258753660525924535735762039155776093665235834875354980611820361
