494908007905583072822717561287653489474158367079280792693059515356662888102602296471438413597025640310740926882745237113
803544517146804702413644770075725107214919370683192620671516951223593559888461154016965298373171467488504425991121520727
772841876524439408285172359495157890012312004871474988353524560412766725251326614430296084899232545482843548108008661148
857579781956578239545217612138941919007579929347844005693598332813892701409812789962905967324902444604674494107520097071
683993253878102564618209513518181517748112628840134325820095806781730072574533397927512645004526951487027558962173276229
636035978770203028392154043622545406446826510002732895531473082257936290894249507564431347976425910196503601331386238384
145930205224966390704701111872973871957727884060738701128356922241233187124781079052166342482651164667748481571346903178
408485845246051063415099792411579325369314832328989261202852730963456913522958710823445958686394067545108798717887203850
992252034175602239584722391699561066007574335515168242706642028705414251448077658030520044532593693381494073397797006190
118951821816062406190346099525990566529547842648342909556880545798012390693959902875704763202204661456653785336663941911
790670545815799407627945959934758129193685333223273891203402141975224486680088776824488775019728731547438624046327926410
317823793353790992241190192465853547721821743412458839941212596632815316755481251843374063275923839847384125971126651330
755912585408530098008307760626495840761599428401960323307822539610082450118199814936727582827594329053342727278201424603
602657115341830882697338410017998712945527909045843823237106216757878211826076164400760498437917807228839576415518105022
679816166267707324764895272936989036287643217513375514779435037843862752472240120107207352151962534214681025672359471640
187144019513521650125704200058289120142748773437513166394344766754507944379940269690381622499512336304726666926512316835
966539193455882699939473069920023778635072696578359153965524127480900378678784601735001541108467162061163069360028931528
386653428401520559815829605283026228550658466083201119978705147380853542132425541306899197641455809348980993016870793632
175684113434816990925374352155039188935266532260376965191133147826735173248016024241771101004162191086699523526535377687
464354017722321125078965266995110293668421680493901846604994983677200386567170963448397884909344923653082956111604201630
731436332619769538890171539011288088087399894465231484224348042736961634903312424722080761557885781147226572800906095685
807341159487603472448184036186787505272605156006349881978976094678268889569948193591002246486326390309402422989984035536
489410000784541607143122315960749292823634272084157643215751169430078989101261198716756619283096125323077585052317280730
769601306774733625935434701787731978218285989160355919904369217043511235291880936265146410413576106902216691404114573504
602414301951480126774371689635724411713111815215452188734693604515984629680539911491412679592245775662421725853570372234
135696742098025655110474727133164571494283982071067617565111614908430202192281358878807883996472862452014424267521619453
019628924359286012944067918194646759034979733191873947461245431093537756249355201320358663954520429845890504016824629488
682069326158879897936196784674814814377896120375526367660642715154688038547089786646465440999526178493192462737589000559
059946524478479417659626705440987088155997564567097899264654640864778728367280468524794786005582890378648770805588518449
568851940380649056084896280502081556828039762328645368382666124042437787600820239466084739541933067392335813135621620856
145298775901508516563114193412271535127257297316671551371454576636055013067608037580814406423662703959568962704112888472
314753771410292369412386541526711427154250893425909746471034531834063711105128098910189527645241776854448583336434093665
176035702963248170716366841821591200041674322637483285668274616602626975771686106968262105467672447304947315047705679112
652761929293500170527626659546636127275995397759822850396410139589744832188330724271870806424563433265830785951450004694
786424976122528710257436036946297751329723346263021955757984183157483815464928514769242356649848864603127562429003438986
596589700827711126813269202621583446759213069847449866118326756270034520773041746741311656004936271999032872767095147149
024905107315437716511881585486371232729200387441195320539855812012084153614884691627905657081467546420129369203963657554
464355922392522152079737185971659312008067657926054100727855992247421234717152388932605513520994217331271209109837521522
919682513056739472376683963777741716511993178732539492021699141519309852637303820895029782710083851883673601881912671776
817067693181462527178130803195624394323377828725121866978521182241027690508880933099049029653530432310333378302558822016
372606171970192475210999960976708767625145904035033577035375946350076221929404959046078072522523510394033207033757671287
629801335886688077632694905032624839776568623149730272262378153582515245022392213521286444183793238533851111848358074791
317163624142105052987527665974011361399412204129024659568711548673094971291353070940726482757031185778194156100711424559
531011645621649377442172766690565424291031759060000190456668326420249564590651120693915771696186387789122637762293803030
657087366117614005582653272299434985625209278433207669729274689839963396599962603906187475843406779456742539501524228670
337849609585804072015874701016703219455273544096803081565444334718060564676110131835048047420131322032588670843286095780
210854856708494446987646863761425976932903443832148375636684641582795273535006867234182613842949036609333382619665682471
047131797135644793857692846556664084761503668110387875130860519506843742951611016490168023732798408902499112525242392675
737527180659701991480484792554800916403056049829836441571106994021009750761699219901617205252291826023254272946100115292
888970672861475663328401518283487771176006046242506532354355144855075324013210074431796759470874981101322159869616797933
061694513330435578076460066348919466747306187532462951903041182878458926947923890713015853982379163050645277469150736806
187184907560886953254804075799075163945924331578122959271136809377154036021740587738398759463730817377043643297313813957
196654518649756221598286165813666272542213289721130835466363777349443525044125570689936318371885930903825832683631313909
416842626932777780957266064805162186830076618784281159775528213058552268134676031535607706550098271488531285333554426836
182328661768456169375370928268552021976792400023382350060437520934475321123963514790007482305097540135079948640880915075
556953534893212320060309783748070280901978885762558921220767397260283603449594257940222863605713165852700526345040401070
910517712542706322681827046874118652936387681498205925387433694275883752358232801287952868593226894851277325982835769203
981553853821626767642269658618863970838755869606157715194190203484679837509085223776088553263997221659976366820635245960
769294942440583392519254362043504404125408782873438915045791962555858939968734397467731255192252267914370456633843390402
417306250785434885063278540611016713220979205384781672019734402801790712057837688132586673198258235482424059833212582297
810761359988597615366391739506420505045732958575379140667605645534080606144467387979508564708108250153244288865487104010
604665959798097530683928726679852735989045020834860078089259147013083813708524690710862212568550468990179387351076564491
732143266730311999748259045100230713791663579739146708537395425594576688440260929994561806814218768582049829516797708957
978019915422831840619667050640508096990878677523571124243129711321321273066498969122135700708011364035144957366479842757
735481984512519331062860671824836406572645609936539940612537756298091338219730027030027913164402202616992090487537515770
688301481610772900186193988193832519442290077312416491298809600793371450796317558715137551285768503457111620850784544611
053026162150402107835922945450154555222533057712664233538568452705270337344972808785067167524513944593704893324946839853
423719263198379967798709602221940294526181099651382627860505759355650504969878716470740187928866478522992496657097609496
284129704603906947383772779271710346546093213229040996697558973384873054092998232005550212753535665650558551899991789891
506322233871466284354445221890078914977995380606859339130156552703952325926024466374803422071670243591006096231316862083
659893793122204572935913564788162824763444287129498151347431410860982197258950807144511049244463103767593694854813721733
012583869297544384872671289046750868122337003855177215819682026279496720762413258233615995273714807860342578206133589526
324012116348629502169531992101236116550292197522922383865259566473850840664267914175649979406379736743203026067266295347
031263301744945359014146470290748441851326145583174349477015311344055634995018444671413588303884947158165341173438201508
083474960656644266502591593653994714193403536158804522286596443821522962716397293322989717968670722922086112542062025114
