605303981527367981144861753485836620257012914082448691191880181079458885843331047746787635741006189116985992754587236681
069251099637155285825889263367567171344170396162598092491102845998984677697659920031828671719433099045985397932350930750
104248654807124984039648170741565502259419217161523822545105446625779342292914749829288885089081742492606790702226151027
186917455147767403647475354839314050507645535162516254040209477472044584837200172038512811909277041976914939436508891939
496922754503450381783276245712687033393804007984585728042678443143008022568156654495009627825307034792142413506416356908
039597970626982900018794844797070706208628302925993301836188912095396483288033072237143878892955325295826107151105395993
418714529664313957329784456592634144026173808617053949561137385166853811523951793088550698326184740320703398111990339111
376805708722372776183018157395345122048617056969531232989721333120702466080180151912133034424418927094076873283558505198
680693217023333237246227396711020235369856624594314350389681053697412326740682360495437810208988175974689779876180369026
870095420584308052288529218259284618210832853624678605552317521119984692647408356148269966501559139656909061033691713817
041896303248613538523814931994087552212745483058685312502657957932155636817690316510137989921407860262907471556883630029
973902081327886022323098533688513953246599107468071299570226364169609507276235182242983128035541009463334748307262044725
257552995803624468698049778234195454007624400561789799088203838345437837642687378185438712536040766516051525776019797848
715210341010177681427219544818091056092077623755639261965216046350227638068265756155167684855387683194082709459653162744
915171763336014037773399532708957464682229426316115595322172366314632385142234260258042131134659359431261615984503383446
412305374239453508849472291082162344516951672744120364326635013766709051864439593849208444596449130567292663551863215293
935147870415886190044979476901672262182881571784146727305088788272224471548227040855601657356644098575310330719543059375
601662916433232963766352701592755721761389705262584776263523500045272484554514946266594474843563081882693956406037308993
795048836257967891342696402810891561870227790366433639250715458788002040318126358470129949122497451994841204043649363450
095146643792014977940446154863389515336385676435789983593082400346369991213422538544134701377551865627573637596187051491
738445628347602037041956071783949459294907087374531368024452199668452914011482989140110360537407846046729732578572047137
429079237478596391643954954704364560871410877494212833482430686947523884760378170512364387047050948454981847481971963973
537225233386464546871161206299632422969656138303017206768248296975670774893672260368851067148953300085729422917508159222
759808788318508950985123228953567127648049458941113074688710078348034890923422663423774352245249961699949173351201290601
579244545921859666821712617588949156793385202578101704186431326144581326110160987473199778091502393801680835877130152361
363769259892500440121488515071473150372077828098616198309968802786765000529552229203551161784607371785332708092895457942
233196655003645314296519942767664185051185678913188609679760583589469723156587012097613989659709321310190846486828129023
033972315681226603044978962265991287290444002355059955607217301301834551555790842512134947873667001818896930771210632869
560486115425696839964531456100904458324955747094344208346230914219301611301083940732309856655164371605006080988046385186
949173647066030379916836853412195050401544316031467257819309930095667944235442454438407069294880598031591159704600825061
138210954584160941516315938854598487152259192313357998002471281401608663876365066057161845845720175136455047536700873773
394185281053980888349090055279557745583440937236558398069796087636789768391071577482011160739521224515573045886363354782
870017786224383155194960053165655381386797449947900638318442225557325055935276447181342328546844510084624884334481442410
241210085229085005207008619259755847211483198327749415095036986560877755051154626438758903770976466263084410013118842373
094034652482834361066771636622086861408955301970107173624481150099372542363640090401524201765743477135688733785237270024
623782337349057518900643777128290908081635038297226054172306685929023215533512018998686050509642652405360894791344909667
868427238943629669212763288626427051035892664832947973247917410709356952353087182605244632405583007798595325028982545632
433015096957755529805355939667335030916180655750884489377043261591183844546997047250142296231244897957844786310100532233
706524953576935399109694461653384478260285736068054830464943111451646669764094436614735255395325987756017322504935420749
745285836637660004904110852505449856052992837534531412519809698739932932838881493450102172546645671506755536447493482039
229154024321461996461391095118347511290510784280258810871404652199789715200866494800661607351846094131714941446411258789
446729160709149665830223772503088581249584165573800886252449174882799302326845563060662290674252712643235332442700614165
928058066672926147122345551742483105479718732136137043115479845902061538394400915557232379788393396817407248848638103837
912809935568356966774314510814459863749433049875232690275377151115942871180204304596719922100071778048894787119809725111
936410537507560663227165075138931910844112002152477236860251003600275528355204465118519253212352496296686959622722689360
266299621254363399139865340567850265692327555108454765404222285044085663362245808933380491016653003228150525393502160796
448863637997786976643646466829354358690402709243484341670282437731144016295482045351955496637748570213502064734141486819
086090907491285883793581953356090778441173684060009953785899983575311383820169764999818964253110856328665565552099539539
394745854454408222713743047303647283748508608529384533029954890275182901295965290179917239613939991786774933330857874498
310415215723341816509167384142583258054694078621976041749892177792840778168516759861430526790083408033295103059588266639
308389097418512609532615585214375914855276227225633904169398809748493519901223919471233439880143897929553452844647667229
643844992627833240795475645949677255296997761664062861025418644501394305943835048588337716821058854085460760868333554381
126439207301974871009210351243950598107996103726077151956421678484534904626130561880829528884706872924104335285290660616
058219023023317224215027664747246534354802969917118769050686607449657695760013970857192359479136092575667928293946616665
040295120564511450871384118966167871105689782505796875489063442371515663571748232990957778492992942858033972036596648827
899994976451755684718180265972494369273865966361035169263230322496205987159672546153252829519749532954321406363961924211
906889964990528736322669827468594172858921227866458821030742764833552032216398816704690790158105926336695532477109816364
476529761205168858378208177030658771746828943403728678506982755273731717296085852704613134604026747396130810783512436822
365615752021063462746176811767872110998428269859062979498831063650225244794260619476317480211563632490545574206894673364
836896175605856676225542864887091601386585927787588293300917565815101123206017429508895832147130944427835528719073448663
759276699427752981522882774937001698559320589831837487677453762258941857683456808165362127012288332336726149124814496374
488956876658873285309141923324208269677033493279466168925016127925497593280442242058738062549133382870818628116300405614
789158252031148796451806359999892085965049148342289433196136371875027234344135531433759282520548186732322522947328672292
482761117117651367465387610462620434057043835265239643441679958852708371060111646870462106788453836535390670328758857721
093749231639916359123466416619677448570791625900029532365578882019444651681861997602386813207338522179010276783935825739
852617017956302932982759159292141823993506340658176192170293118701081441736979003793183768935090324388970828348099011660
431778355943463464578300771291070515640678552435396259035292773824404640135642858410489684646325416725568218717152610872
940528019808246810460106211184196695500307433308574332742251415454511064648495242925235445544586200330891057677996568653
414996385869499000603584175706281426794773904610569175254381681200498132407531798620111488406103869725908594213785257905
595115920348408680649774061978259345733528252378248969266317170118589650583063732259653825338421887249340802047192702353
981754691156047668770845885039577794783456400030230503811727391123172511069787845412096236762802558369745546903843545785
628058182983397780040261319394807974314656512318932948608749458746364769459631589455513440878825453380836139078379029803
149263243430728595388015964531339188201950095188037693690906507962151936024964642529612818210876074963550953086212656445
741320257412333938714228603874586651568481753450557614849717432029959117265986121913994008056458443863035082765454458771
241278342657525824797219119237742798506380110395275967546383670258229717066066760566424677131271033420469040563477860659
