560740033983164761143919021579198278555497699605779913808748755613584779920233562325380138417197499218051507250573550265
119149432948085827287637638364341347473145277547823247912142394587308838218580395845577080252375305659342891527343071371
275098659028794728219072119775517185564866053475420415871565296896507912991052705578663709534037697350017144927038093654
510232433437237638232261758271799451361483608925148923514880685979879309158149347690145488226045731769601950340100581608
897993236471359316678314627685951625944136709017333030255877825856654861193085696400453627670206246625740357258658353504
342765421121358042560404347634929528726704646640099818837470312434916416942384268265900461624684305959575880419802842093
218545849749742821042163906666526563950788122143450574524350464892312295347015080538972572743277864458451594208967486056
330763317579511982299655012044367484554652113241406092558360293516311381003707229815963427968189494550646074246052016539
670093079757074271458473745208774360283800514723892513054431845801068283889875762149925582248218069416234120771914484892
947294717713285840063033204426943549105949401803025690558136982597869165270648380071295619249915623781826561031822644836
843480895373824644933044632424088854844726039510303290492576003409425505719502047724833017531716010277480476418514472244
728119578366756052669329669512121268562159808944511425382611809004968868283962006184819601793649373796129497142859952842
973836193489483689590185444421786026560713809218555222025009450002386561972416541836288629177344881591418690718294934758
763788286454141899198085100677264154122400579283653922620832595348466253106120413546458848615313748120011295678225769579
183623788952065298344988494384060529153645258279935628874129337446610384864822325425640063650933155408428077782885824825
928360511680747409241223729541880811637281044351559648707381597469486437993383044179466367746039932789106705006461697709
555679783432146633484507321371793876076172588471830694777960346937412553819736361946774311836546411501796427990082298350
676469736644803201454781963701816182653920854940072056379444635491630869426876489448730046608684254824001116847644141807
819986688636220640758946397307031885949417577832976856727523266486427857376360036501857289685379609651092957641623440163
427490566797890516193036546478058473205044438172249332014017666853614560417788542246590990325290609081046267009548911638
752781119484392767328847235153518126973618172913706831772822086940733204552362756933281005179477761706984915699105718009
786086563513443096867343521003972168710900708757008079947661655226266292230654286619604190768543322762033396740381151968
313786571857888751505576118763902972934315398146465523403265701352712444142023709247366716418917694056484156637617413481
530732264624131798749436294584207722980392982914017485551396738621910235513175595202485873237479730202804753936344327891
236499046926578406902481265115468481526174691372413208224324918456215652330983032668945568426674826454707934051882080677
357196536302315219261590196660771263957725841593119314492451670331862293134966136093295761883885207563316824970341484928
238467513957173051243733351147957066688503362213309135421844135535508106824466516534562630508228378234426864944227345269
644392819999893661176275752970637332279155598009621219881887324812512021436059976870470873349154988854772034020753117435
475818586543317267640127753352436585932354717384233780860514323296296794470882248839327524486015912890710674120169328849
873216003859220495063830614746025577605221672579590805460756723489483461030429321828663712018927634820191566314138661478
888355309362010424936798285218123269248080162252031147650293057600765428569075580125878465552715248321000670819301888097
915986089401023926924115428227346665507102884436083674784182634290650294526700893218411877729824077377034008018976778149
141029820945710679027974613561090061678401085480951128091409413578648720185979014597377214000149719662013642316591248905
136699860976187387027601617321675630017993585825028584163836798978604868424974281798091958608736032959773665523009647863
895106156165334229072946689707736290121835809247030981020951724474168088702737722425862633748536089791897929506650839005
500182360775851780001263007154413798505204725108952943610231330739780846675182256387242115023210791098931866030363733926
637945214831128793726514818873995313586079268131513363032749438302234388233421491407420431311075840937678582864562489442
023595450404844629952281015683558909243381923938524828363136379900983895222072025008991108235221675376484835142943927603
828308030701577502958608377041604559800261678244442082979731246860944623406227400280664990684763590971497846593959122520
757682222698846360451438842703422576254711465948868416668166474570919842485374412892284025513846064160731081482493189026
118395839730591019507293895010087722321167467216344961804851061766606704782748525468083000771136768601422071090522090884
619545615868785606495647143938339136558547222079134102879824812608580199483182866786070763353845827624675651027622189309
142349963312622968728831491649463037757798595763944040305924984072530736114199882626204053947358996251859527417986094236
852413943802568255048264390611472139842146136969370472440656569385306116135138373878586694870011249547633119174705876636
677684061159822831029803437238686730128397400180366002982354559612769820564443496144691484987327116056901979660064281951
977489121840922423144620228623785347388233084547831642896047776966163855025457633096122161379231713933012617590927568126
024565393233607880140656220923987685543031437170352353548834804000987776010042009803860222414701963624240093557836676020
161301162218681377206131437147684562617242690995913343016978841385890045493682010010357444504371958265099716064199198023
328004003835455464727727407654018586409063383028800081894282059541908345908787302135870615756141326694688872343126096644
785364450967481693550126083441524511216238803012025813228317338476764054845442999377357463596614310972601354145352683023
978432536734087773815424949618191704088521271576034645261782293305683092704377030371967504604365551164509921760570674526
887109948075145295491675422784644774273496770091317426621033176350197191811322384451162515861727414094845149752623948824
657017052210161374425256292558819679230846171686586564391824233817636998632131804263346649031812863551454650514437027210
342930672624903505333306440513427527075666797592095940368551176564696958805209652323279121865982812623473183738081113696
374324418510369089442605172064159946543147085790382994454838596123169069423878149263990543839362817866418311828437947259
263500529478033948439446536697036075362432543992758856829513077983860098872201442131385275464215017936880156715692351106
163679614213877951661369781566233510255592491554652084896864220305246123215193566014132000415618537729085721790467486341
886407963385796160238648759546414227218330482159910647241628227889083318493757206472783285903668797294532470844226507955
738857886607519615972195310646658453751241283092457950986379990278958684404175095451933248020514273033908739801203095138
162044676265622045936512567991274140916030608757013389018335428435444016631920070668583198664556880538492010814815384050
983195272633519578128260290625305970398158690117523291124205816931255275045436325172439757198605528090032030649495176343
340929319205212398723265859403991364220645124297815129270789184390830643065418900652032289233983491076038707761483288937
771383626422540350151803647886928713151080222627557292685858749350535656845836880471230786481651904333531021044673483023
107676458510625209111824695041800213340620685061195045945965473600775387312791311847735999015164307902228056852604787518
663705521743161980963636627544996828723512946264432373390268907049717822737570623420243650882823597479244570052795775330
456399247096435038251955539734739591834253656683315281739204801402597646160705966585414901217100281357811687680145149686
390621454492173247351026801999589280433956908416233491099149742902095592903256774240487942963723915817469452098395687214
270348953839737333727527570105204401094453575155837081774867855458259129294115515256097516507354247088285354023258845461
122895937413715735193248862049594819186872141070868021480763076217336062658620937508926118522021796922035127035701351039
422031275184871908365064823575568676524151410933139408659394400324476385290748112880495400459969338210654840969022533375
679863093163733495992268328556870071504563931216957138100413362679338161089243414135711755703113266059412237163626493917
603848594419902998863033081339177349738496104415205291367211274366914602917832751068787216272592571491098459826670444412
898907337394348561687344597301731107567632336032613598703371987201705756714574621286465434631728787719838754597945224794
996950076395608442052804505806587583762659139625422590582466169960668190229433353592616360113535664206514429031026222996
412845987758067396204439033140594270724247430397676306395181960494803358527928142512703397112496881611294147967405285694
