636536456339050617368862659315830742062692133545091098160621992921383433040808696712666453380372311300093411718447889584
060096228066716220334041279013714275367506789967459174985466415595497489064161010088874611370856336134254990292707235745
253193780120297472760057823801296634824690567237517463936060797335039842914516702487292466806790666770497118255602971294
351356831558125024412205131938266091716082613787908036687280314539882290864587372722901792631845286527063148085853487107
622638604412931207593610969586019175188376542943582004422767595039953603459204995725417783411297973401929996368992181330
380823166960219374584430151279237990797694100722477269123598235578486828233981218359704374434819590310698831902965055283
689817978748385135431266321558381371666318500720460692651927570091371019672085583864612019241922639113304073803188629923
646518378761067601980019823533375833900159551487230370105694286254194982778634808097111185979974229846411112004818009282
521425111027415641030274342713390544424567154127445719461483304875657140056366279329656346886969243569796939847916514764
466773658928348904867947468948966502178680778980986128127871710725069117535114206561111094421202588873440670231596691682
217615295196648477703725679096592473755450548698392489733143906846177550622519673120679058329577019545732569891332303174
966729410498408928346934700675595106429037757642963563130389770900779249609730343361192716455370382192584937529813119132
955542146700490790649216204807421518420636498831620591523770909309508923276811567425389155233419112551317889360375602812
073489746612786777653731445010433782212934867668017916246557341397677434129830271300108367883431271644804744558194588380
714252998555136521890817048481926210737962931577683987170734315631964152472191020162971358894129808535043541195118353161
732385217967340877036432183474846470767813695598512982762671793693586058723922314532723508615788609347696698591889006566
902201465475942053357477543233683170973427185326306917992000804829255269043324588762521236489953956042469946826597824115
460061384377709784924297441178793451131548623280056313240372394386770068623696091983623595661446985991201967324706989229
119315258512484654864954026933670592035037985136082910499307790075796091934804492286598473516020111345692403693165593803
245101849704927203126967444139026858471083832564411110724804956554940889301651274214358956681719780167176284277002906767
746046975764788285384127608395598595061529129218434468439175023017042837687602765153351224583809386575051863096098219319
036362983294830800600599597102172137212652955022274185590978350905120843466038980776732472914905446346503078963180137568
548868660633229105585900891511673181091230439514717716162440609734880324195159977890784573555707795168302736021313214093
337681415100795979954026655341333228983741479781826010951245598738922451065309073360398622104768500820373344088475365139
109210171406520303412218433199741116392589899068809800000163421461236445340355983310498787696826676692696730444976466895
524782368058372323531673624537186251691085003915650498071920314372303787989774190400773007740021338803386667783486020270
820420050771719334971517151431460282609498642920624527119050516421594111480923071537126877044047688435556822516487067795
194568254657312774764910819426995220661349444778484282424241616326338911659707893214006285382619450292232941438213758330
306937910846717594149499599093256276845486911892589655756309281011534093408770161232976908764861743079339228710873713865
627503494381217415230381994546191496656480950959662160449243078753645365291239886749592126992322261112514550294316827615
865412165324588797453858630861069291117338837762617939893402548364863816456308073796075720978673325546546450824819671770
112229419478637506270529623088145020188533707005664527180143560478538618835158913996765451559728460696622097976160719640
201694346884282878680577483032652546224319149105928887612179086627841556580511823484003935402889427463392006295555130976
351516557321966201905934672511758904051574662923845859794547510724073975775791208043239865792723169868719596122656017633
976424037635962966695426253757760410155350498467814132210399858517510215603530856576464135573462040753101533565795611105
737918877008744784372922100724205410621844214530014920672952133031100403344910135122915625118565203451842558513881159146
475399075607299295209161316880298948153968997809701218460875846925197522579216739746209700507941726247214695286560319436
990015702735417578733820641212939978081848277675097085237150794954102542301477322311668629380656923781860100577223275536
567512350155745182255129794682470911183753387174066435151314124207046662449080601841431358816056024078796293862633098546
574326536523268396036916780838844306509617802810666564907975236459371986396713340687173852361665925377404394153143771156
444206972885399651773018092702328279366801098975096899779009752258513708524898096692824518934901866598752378893049442774
716123590979365248076154549426021956655299628258903766569287088615754343346632843217345920029249960318614513226053304517
587609588695009025042374865517891062782124286229505998334198282046521443534895480289022193465225068665430050577681030907
390244706539070446787782956030717806266315543734451109466426626735156163366107129916874563768968042868319860550863193109
692191653796722190504945146053184722933783585431476465292448303365043747038253949837581508895289871128102627180694128326
081649566422188488302863821492003743437936483791118711169351145982345769987134341574091029859163994984221798192934184541
341877938743063807894912508478978230857360153368034818861691297595663434251073813663736472927091416698682527116054516941
415373731200940895792949030001455845562940006475845165694614095419313349654677047588154749832556143309865012063821261483
924188074564217618424687400031745750426704121027939375459109605661236961970160793997010162979709301743677487529845593118
350201381571834118856092522424279842423533047721415741847414855353816348887309314161103932114156647713657103043019114894
245811495551428105346336666382279844624014488011795316015478794671367584697437976048215727085617788051363900058821839285
991131767414467159998643862993111581844555306021709610900221903150808276834689607154799806365682817858784890882324944829
674601520077051325520992119180332901321869280682534370887024283628877821869508692495987665524237681778719875011944745538
867566580267524609253264096802067324245237023416693258805386028370704226165516452623480634337463020981702833161470410136
125497093496162341095758786167003625249617640096378200190697746244106742988186244704120327667098532410992668947259971302
655673314305689845917738513078303464900196172360431936841219795875744292394406553371338167416092579987648577912761556343
901928408840468232486638735354561678249642080425007484629258638939696433486564275830321470123421173593322012843745824801
424298830308608162541658407490280700673288358113123198994567778173048509902219693426350818033657467336764779978644341041
811673579814813964958098076228475003886645150819626174331570549331952965621798635432680009397275799125103027495897129498
996043850531430523942078392156254737750197497817098563863845890665380042141556321600731394345067639958177912719351083575
772573108404304480708685435136801983604988550214754905302295340641087296520978809171527952376351572360818308342677662582
172442852340339180897873490122821532895913534014005333245423764940557434956872725626804855634288555582741020785583151020
594938571276842676632301921485518820493138442000896102714047249900169016738489501771454416641590529669286860725973281836
920251159327724357558741659238752566141717874106373673170594091752282359830538737513821419990468745381028133085924079471
172866461145196414742168300461619957735450051233386820870974192150315109179294568541457452232925272163697421387065251795
677353008032832574964545868618054772566164006001865398962854796907432579472615849047408339296441161293764902881518750906
154483681420847875367739113467648713266860903902631129021589029987695552900309646216179921599945977368003716634408475688
365638900192119481547786534424644450308695857476683901475557874916761496913782785670232944057755868397544254330770931915
898576433756580653597589302254316899752425520722287050689464624968522787297927087251183854357259823514769693863564001932
126438621873430057429338846929259071460704795263092031747228320091168211001215820484203156622571030346665893281865723509
665612542615877882051871296156703120175917576652176925486536223842999352064377306854804064956223430325878475995540279894
463038185803212300702906583870670766042186416189829061015240624300987903991056110312848782404049265848049875861089343998
126210944694336935722783219705354187350068575095159907541096328027890880904508646586726125308800885438853994609953822459
959309642298582724767001800193247760187957467023033964783756836046606828402205635262557152522413499169365722121031171961
827915145188647772833238345934917943773407804887452412839356160704203394964588283426955959679297390885357697711869506056
