423207458991027826430621958810295783042708053506083359241019044274880840232016262580270337816272974085439564086204958858
270683700093052955267521367487440590471777110617976006290126286691078502669143284042302444291271175409459187274540112018
663172332958013628906430522577277641606812494683796365574535970435873371641574696886893282393767075145939838085862385842
376560407030574514456732853778566965276913619652531058966454191836966097552458407859169976211401043400883523238394237242
124810138668522390528101449421530450810342953421418607793401779696233093844305719843346046057098064272340601422209390955
653916997594736512043798033696660458532601732684847501459936331409752081486373415911827052539316770147923683400668810595
029438976401789812292748635226641453496925825959016725366638353643626477081994362503689108192309599309196439193440630511
262437746962232418798835854385885177339555204166751827033193901021166987068168952876304335891678951457896829527266761472
500357631518497651841850355070779241372610005219458258071465281697585505345502760147939221333437830798912053984159579753
387223973067445694300441113176307531801636490362118494645545955482700264838624896161349534765717895232357114015835001175
485582903997675348428715522665541984547107848512184397518467794258317560156618964741440441681643591564896051037670241160
348065990859351531017563222850350685398012121066428746511945592467926854917273448639771888908524781699882529968760382837
731757382800961381083855635883242893010508726244547604609052317113436824640032286743228536497022162620677429957499798907
107720268937745549833592434576859567592434216758359741993547495383956128060164256143288235246808522559600501753171092624
120553604457010128240701495451809450835617313347737478539542053760521360913546548353308505332424345552400717265126675726
143575436766218475503569606937431216108815744518996091559886201049580306708774978046318612117498104407893300254886461814
504253272995442899983767844668856223480279149974798657050936890764736016909576519030669558537743928972747020853565216261
297702394999953057181503257057868595006237710948611333226740525684369474242430746290281648786906377788087802292965789078
998894944654860485415981043520797348178927126159540660294917504276198465567353989824084722306761233309465048104695672587
090232189988304394338947115402641680670709392010109281463071796883720187102971574772255536353082424534593906704965080527
766124509985216000922054059025330774016566613399794367555305216201178432970669353494796640205620817627471766655852287221
593746038073544789542344801761257895738947064618403491179725529713555433691048056587185245102965351443292629676075424444
574456048423878636854283230963762189718359384987482709228564019134211751650299769743124179452772830706317605887074507240
053954373568437041874742014720773067255765693783014391433306588188889456703593816935904372738724107720333326260192757346
720211681569055511907487258362457118712949392612360240182224546011797366037744475412806536698250976477411268322066870591
670971797942791641543116085062243775970511409041569184228627729027686796300424115723278253385542256452437121245190572140
394190066108440878444155893898373004948284324617238848833369107602009444904935599583132708484966825517946594888381599499
583672731017051907403634575489663617833025686983616404453553384028482819120822860252045390381308950110946441784908192718
271118422254210450454883027492532633451464730049557822032474635077235080666593205568675342582205192375279877272868232133
776126578950282926452519888276454674979770955045449445549078673336592431029187844140701678368038190975261764720790123255
102735624027494285312142874691511267066051247872683406603833901328395500770563284915121256794879109415272729106767933064
666990093013284017118171532580773901141234509911751175589381523979935702962172093493276224237981900856696474269141753424
992363246202947122027498491107028448725986813452534248024372080789450014579833033143625846344338083498719815474046774160
098068022213445956314695430466909279543569901436617981781578988008654081641660837420670422083539329195670132216032031338
685179094456056044208867157557491664459111564615546485807396171877753340682111821506682367768372191972823057702732606055
633317987607758804957358942152267982075669179766165195417871800971432365127920598411893879786254075257793826542194705588
923904231998020193974646195808998521101898795593213465533265929094682168354742742661062150091440780885089535312193846056
664580486758136866996023698887080354187650077890441209338832467151507764196571092236576237058911647434890549365019495731
128556793990459769226032670424531303364315256556159190962195399501793076901453277479100526797171926575739038136641001438
525140611379806472530118111231687740522095742358304247462219079630037679663963454102275846245899169206979748157380092257
905919475790848229383016769065587417150514979071726554952839982702540160243908808507487616498366551732438678806334454191
374614328647235874584790465447870550148134110649312869338656649905768639525953346422989913827424955870267221424622844770
643380258203457642281343128709248655064532456363348405895031857735096565978045946480117684339165916089733109369422589341
468476604813692060440333376151349961471621523906825292491098804441408017558996822453857794008624189385749472879243756640
900221790049840599657535025681367427555052007224556014071677180424537347381009039840136764274179088042213946382136903203
661700003482326378462921897711420826911587573987333211247530874852718930257772369645414684869517727303955850125846092042
531073042060776553929373426246193350919523097798989715604943535747006148963168545449543503661399703175642373840379095722
549759254672665885913205319398304916869040020502391398067697561757492101279964455353594188924723388307582975188324088532
911451168931082778145379431541750071207207994714662896188939160953169634020519138858920587732445661213045664454902013546
269943315641875893939747832506640042765546750397199095231063039522197017704677270345956257616030535605799669761457347776
490578974418289685488765138567189098003061953903916777461853388922868320131238533471268406373455570289152080010801082851
989447488876539161539117318372632952447075044825748971980495546867894003924883030718560773600855556103467995509774589034
654813301371825339477463831105977045802482567835096469811191290797625137067476667874130839242543448476721640059990909858
862996550153047336077906105397450799437503895634204604696185185552609119682365016866594809459303666400157392722387755536
036075604116231570787721734744989491832304751432268279779719067160645721401015237163542138392396317041428840496209675755
818732871474958818763349029644481949517624000439275142842564327959599256627874381598330317525753704418128390977883671982
620244338909719832124795554210659190832082388955015150801473184127097157602167312725086209512866711592201492684525259698
856237035968572945471721597735596487554617757003773563972175400586612835629918261098633416802323680077457378394094680239
115112660566159066310224891203907301724643354382407008947824773312835391882502178312647946036746266247380151477399556283
457142642295643122935924381637135738563021501122416337889537989130870585002104708555837684915385689879900028241183052686
133159411141419380208172227295711725578905028891855843536377023055481003344720568686594123675326105071422341601966339646
168304063573971942512180557315148317236926043299405079439317213445591715328782313711937568343896469285353166073514797366
028663470622700965186293559408779612335931531214506364245418576717027819520081447095499605502861569232543215518014590898
944460272255440111087595623713579177080907468000971989424382360684761911393578684592808952747515325616711206137194802249
298582374694875898629314780608232275882222588500371891605525935700309907019441584579081376226044668963980990979687123694
282130961613706290644843454505454549295474399238498615737610593243975196329069080867697508814250235832694239274461676551
153281575107060605947227297509570068856529797970723478845402923453374929683387792508070303160002406367534872269330622763
239592634994953556555535403902130800881070932371550749470584143316198799587059895865188361039530829518880419549162397678
690471152258490558664307887952429040856873279760039072304449359650727954627839867896801427981018782701748981906381435651
284396661487619277048321896525216176180378202900599167619866532277111981807350255207285485863935685268932700020237426761
255704541184221759570958538359358162031639614697680993403165770974857035414166892314969578975417343374948280688416155309
286692853240967216535423279169196179600229910399162875471563633208891043700518847557458218383830226868128786552584817039
680652590497975508559537894011003744367496947754046590460419356749252144312542059059209636746176728736957600735758388010
914942722107554350060254920398461299661976986537278519294863443256145481373507209621720525348024049027258463888601037707
817992849640986448605562284373582900309414340501006052726076913043601512437178182349719705690325374904327086230390118717
