703684304316014192564980658352658214119847754422379078078658151396253121409993252255857917222341728566916034212668328104
918048171242417370468593631188701555610157858174225999364886291087950859801916506541283705249485853321782544941181967927
740093771324029307457364964059578375866865054965622563464812253710295185272962611260129839940716648874666179644541979205
461082937406374786897839461277849217928539821758868017488614663245451273457349492146402537711912210269891423041090318830
415654466833350293831141984061600620346529029732096208866530280124940167129908622965400124913767711809763401192519361450
693113601640276410593794386458797281260680125578327769421599327884903338271791239412454672178532499071314906752148522375
890833346305427283822638110445773329588460836879711922208729412675849645928132433963132288823905597401257524327308168181
300176272640413756782738064907303757418188313776504980271734744436031868798081127646274112268883326598532958793085970821
020040844134300580273868382055231268508193128326747666074500909148103140860664551468166034928259541041344346215579110926
959753210635257108868059212139833735762604098681744105224557017825183865002802892555052245554493556945376183221845821260
166548959347180930934308271983213427143993913493828659466782805863653963618058021827309623368807203264012560759853624417
667989133435187092213156106609941310028536380164306849515185678752321728458878720016230073754433408418609709079862458842
632077112191507416305112391897849439161969635609907286230228367090037739356214083466672127675914808721537650154441813005
530760080839518188360674751120643622894370360715425299070164247720592094991880662737815387730578943566960204512863430334
087601531572584227391190848730173546739728100168377289729439382897242769870518361292398009295789872558079352337212196420
283643475848382183315467851023704900480530145438976958907609030413840938118589560322613389119951171058542152246927439012
975846498267891867652795537459063838074803425161638531613357952271038968083785650287972979839493189837413212026998407145
679421150367652151515729425285419473523353346696610320388553897167332703007676933005487673127052966906583700827634883200
667645595084294603321871962242703177954543295305355821644895717826762849059508878771146790543293286709312561750051320159
447753017957682999395952779811230531528506740058144282533699044224880604546216426231520402150645286534530839650985284767
851824088366239524533923636260476104051217109804707133171831484877170270178201886865387923178736567973492860510230413766
363012719519245380471572227527631122234023347944027500320547392897295019974892773158168551452046824034488014786622895034
129635621813699918345312103802046526253456777551720080576409222072399649327042673656855730345196832388979883178275250576
821137775590858536409448182038726315152511273697326775814011022103606808417218567612331689244729170488486022714985394378
179719455398044834393649728801884231378852959525665512867382685536798448037312551351456447311421323092190566734654610721
400399613177945929756354251128031919451080071684316389098833400294200102432144595076603798596887241564119530712842530991
469367400893059300345693321737484074615221803354410657238293826806896299109719811710689960056659948399353314889151054323
715848337916728030169988648221475997897618791163927899678671019663851526314754523979076617055452230400709758296029654079
095282570288032805272037852651780718640525512831889343793722050792597697282617960080776281857377974818415840658705414125
205634086463087009018536306742886621908472328014372573400489874115353322094248822203232110862344408917111019385015883074
071661394866416126573642890049063092636976938759158854003308395687496308387175164922492000767673357710302031811471673083
513212159242408586259981117814957667949003111880092047811149437318401741812527987926314997434496035196191637268855394071
507991875867046653927057581048482151525658430044709223567683445068064290396490213476582014529779506135442181304072665250
837061160854862830386836700741587770364678264453382602937809236942202153856657834670829917338953791721130267273273224355
288187175308990513372052217440986889304059001199342634449803673313443725942925358762794785030249800822222231698438667150
617578932577720120998757086678684058324418089013130367302672118947528805871460046717826507817305561606072577518639147387
427774652857858867208363609752781691692629040378636202072688626463086207113664270159636531747148592549512690533088500154
128661231882876610512746487398708427092877866809835446027394995809504380950296764319482836616755851709751596933050132734
196702403504574615412447012756669390511843177770130526333955834773063353617539424974240072572879303630757080937390288729
423608689231360985654356225334035673453794533657079422134860931036212747617099389238569169215426199584191307720916171795
881434121931447619324445147271073301310654319150706600752134655564619222364354007854063303881676773539810727478328933150
355828892900077280605416045802046375005892773712558886264100491138264124741112196881316292165423794658031078996899218294
760683359023667732097191006503582465860718282573596941611107403004932784814659397768729428662910148096284833126678942225
941810536365707099792089440464055449299534354587422556313355594525739855597148754592529665743270866057117751231800040094
148059499731567983136217933321691381803649958591156579030320561199609710007496553405656216000961702343762363551301496060
798088725018500907338309461546388085667990373110828187491012796317746599113679141520364115378125222993705421032003811026
547923615702317027218495720517470301989594640434377112996627728902045395054804542458414015935821920306126159700190211214
508206416356950744603187289460229385886371541464898123004744350802624660814089552252042438572381345962658896065732092295
349643791223743670211177031276329012937362802462639291293213773359219682373851844604208494925370669407723941640586160618
970262466440109823486852020403412154113838864499160218294982635611082212303491045988355320046135008533134224580515242080
237904099915590899587333962827081928650235965707984051945716279869791179973762497294251139364450678216325600589705957054
858000366688549538371869335582304565456221896007026330961652225225984890518024610620567721627118978196659718921251086654
510388850545570260477277914744847374627500563895749557537155367634612034951426330460369841827311931707782152703503098560
612574323751934038322054738106353699065533017656007885532839135571691709252861112674682224632740674373840200383554325054
287504813309524811076727116117668805002316405546757345124274796627094071873155813015510929189627449947784346014385206109
760351466180437509446366171465851161101025062585071739950058442370044567930081881835766823891523992501805265358334846667
311680810138142879836650777401504657798619059320872464352800743255715032080499765448788161312502806261354019731944604424
899047300081412707909529204129094957824540114250582149915549741041793142380169186618656265452465460723173911204103530234
525443199759834977978226071418630542950981587919592253079261145814058542884371735511585430577040796944007405756178702014
083973960006266133929698615318593898912960282178217804602976065763918464460247798315416481183585830561371841192363094718
713618652740418044373683872236442536806111591152582663984920560422402433066084349089455972343673587970260601145668374353
897803485703744469107879594594344958926153927706911779486468203260343565558712526230393595722894043929318023151155954581
134265463873511243595251919275425385016764265734657920960204183055571027280860357071948693141053360114847469353864965957
574589954680778719600092688376411816934291612706561969808508212816799474674032077916410562678896108584747078420799791100
219146480950682679764350694960326447650635693002008001023216658185270357548845225493663992269620620609884965403059976927
165569159918586707401864763656649599241751490985408457635554035049756608470988630956432774485826267032865699536666933862
735761885554299563056505662356825986568621752162753836038942163005890510770870624806641233106249515617833011760880770426
679419698168661725539183165057112985433531355460551316924058864282604326656185766495104066271243894433852360297605356240
380735773278579604169070377437650271647575771239330964660669634621533438126082653044519311829305495491033127580844788227
824127533702316904973448061280977458527550739393763873732266026983763088153388829787739961522223606132440043138877493790
645357937527898397092118571524661566394068229559660732182934951738428775781531002584255951418885365365651319836700755403
492197733132033482277138215675677601357624042186002741097503611486623879562268149193819117269766762552213864337038336498
314527129349655547397661007390902106581252353159852892087414648648677075688844589221509774497754408458184129575717273540
526394368533483103130326710323724901798362516968923735713809580871384021159358919355513336755660514969108852367822661652
538288871601522744452631560244073398940501939734079488539197062423702815003321315528777899919405670558231245158936194268
