457916993465121225985855578065902807106748543341257648854825486087714853465453507549612542209150536625895042749065391612
944992590621553113737119829088378824311255092003825053600018697895851284717054505347346572796398520920046676180262545566
761382748256326348278829803927784116442160682551392505482113545166963129295028828175944730113912473195130447098155589319
158843333463871638012649489095531993129128393963714577799961867106507592832759371693539061202442915604371485545679737631
713930772436553780900309571167693974192095135552395212465680746029872105588674876243766574315449675468943347227414040583
570783197880148270960842366413888076661808157893615419823531216719257961740958305800801425593348716838204407305917243374
005162474745890836064370564128310895068392034217433968205592782410346708850317937740703106416327084332868719151590730238
685232467764356465849651153461320405969787300368090610304317691323703975481040225285912909014853900445898200991687787038
049295163172823689834919053126125154431342147917758535313726127121943238624280017190537468888835455355059872999162617849
905095180564344164256537401247949285314457390498924076855331078428920071053406119481166228919052876835948905511689481660
736224103660084766942286479759934274941453054672784446693547197518853537284371750325299810418341487912766622485977206535
922302375601500850823231290131629955286503323032020834432207543072817311054077577705713280442212206327129435856840391787
880782677432946072268344909227521217586798553539955843231358497061509766848897233605853139836323465053709530841675390415
228311573458904468478593471802474475916161172251055627787728505844201469583732334611884679882581523057771430582317163447
925035273614651581002782936893046015138482300665774918921538464921671269051352804151536885668620552334424043334874383895
393052388734285574616621676108667671327252168148889362616719551285211570947275474281717228683537413620324159887393293160
313605435447726325535535703863805519745633893406765765132514515792616099756594274167880236541670040129160503272629795691
525213563753569553904490975098910828037761214509371002228982774851185306768383147706720694246192851420926413728270473742
182241881861247605040695356562638195077375789708459263148471347913995345202136011701684386727371322191058599829219511167
036554765580523074122869130432645497368683640822396391142098374507630580803450574155553442821365058008058361047111205466
495496001403350527006866649178486394797121773882674053084003024105748936724429161054489559757994496052039774358124457205
668329070800156741870152928473256889227677489480301759984740811731425591773785564453739513240374147273748590536886325193
619004397637484889205336815272737977535687069231517086505664391982843740210769796407297293613593376258915910482355935283
784724356325937792050411184641654003029798666441157161485337274087300134737241945232737930894384276627265023307499961597
752031488784733163539492610024148000416902617249983580896464834805627115950682479383855552827791132257379017644023228995
184437178908202922892016736205567837542367921175891673782443115617675588259911830434886415558089243902496506352190023061
365353049349100193137810428258377334680447584629814523096912559531087224114918868495925763384343691740922622492209031632
090451178407709864979769426061292635510099352452772375620631378283536399886540957298123437847332836607544012559571313374
473418066361230504942202251243721987988730863811758432133154870413689688698487644034089565184901665288386898076930843838
216475782964029635022123374508090797446830595585807470943246674914248690015695805100573012842210157969676952345029808949
109773862153709783119240839132140296040214941693227121857421114262811212581003717759599219951669750347771746148575509222
977850288790814282072183781427002166035424079576137053397214414126168887881424094398822877646070733076812810909445254102
152051619086924733530335826276114417084716089269933629164034796264782061097548703799603053076089923293044998787689100523
710139430060758555041132422708831289361422861484545775637839055176374354983669543667207463924155866523035256360234802640
634159452192315707632011497993050087863407073457481509168899714218560561672862475388495818012251351128396653311821386007
024807969026762472363058560647013510697517821650536648604128966890521787981103332602481837084950360086084191324483887496
849655109061771419506978227427868012846512030934978962368951958875443210359087327042734286381111984071438220735418671343
251788865350782651030727938958359556641532212446559267299887829903234354998395827636606391268826664861182655023316154239
778596004786888214887768238220197534444481838125602321226674287802945834744004422067145704170193222352650570749014325783
074803959370336074793204150858665306659122948972851109204881141455734293828563217045864326496331762302139307372392071868
888234079408690640201283640057600240172570446523099348122280085608144719874328339241230139207468138456368345953845773413
999654182976905759882680569684650638437007113757292376681512960433442611794166668041435668969107651840770579815719789256
702735727962154191478483650744455872459674008085182226928178470091924695089141228500326463461873198104533843511902312510
392819412298640624418720787646859651560631124446287014097740183249028927964500853817080437218755164368383663989140543452
185411819825732742668393866097342912173615126214052726531829442479868603464029774305716359076616065450143568182810408923
733797076455653798029100767536887478414443562116545087994934716162294445141635188537262805847004350903300711895765094539
820424384739850480810200806151361546151338751699088529470037016682529435519627109401950949498380349249758929267636960334
148999483601756563127338336029150010162806616425988253726513516573168404795497143164174808080198442909952350566892061432
718004778207175931554241791735144499723894231333066417435581095477748645557927073919095352410826269103739452846030033221
957331860813389828811043936672020035134674890455447813292581519191041810590404509018155754792941631745974662746873994573
871000571611906468439680341824199503647296241587001425295418676156495159205652214240160135730738293682436676691340843058
038855219914477676611306303959917569585393853237256940515606777020052169593465826238643649010379520485694697021722374542
946371571314408397903193064852699015575381789841191840309681481585573749483268767741428137260284658738001227030055391366
313665839412331305396943185083205545664420366393523443873055900852619280105089528243431668709144611416466688559936004477
729455375558856466455317400625296588756435784813692907342338969878888469350364309768553309375640249979001056607828081177
396381135862606137319509703116175831030354710727683261635087495973996315181377824882340756800149251553487237167218915503
227970148593153330281589508023826434978464982296937554647159655097717278601391640510773089030749094527532805461711187846
735625803878149953886644254946750548094535764744203988947366185832791169195176185016138438511869277026520793583902096332
062881813652556260757843597509314575168822659962100482954707313085616976954795982387462569506691415851285361177170279426
723101063585991476362477694997526939725447741613716073034315777414736899679890835989370066142029306807744743572190026277
859304125242481710546590599582771045108101243049393431065383086326290566966235036657498379642908155230713073867332788997
356431623515560464506088227757370231692004447724813909982543197320282462355093321154510023580777139394554500098559602250
919329672620758426210582935336954389747803155502661534507879561422803132791454577635211093151150436104360761230202259621
921990779353535476262061457819001908491390136791150445941150435237638656288810701926519209303655249569957189232737738001
459977031211561174698465676847758120069090081580064098296703752650855362012527097967202027601410476033084617490698686415
060004740298627869410925255058000596060880569994824540159247958464662582728595440645588721617636907336607540310470136050
793873263951017599890412676080642368578202726099248009226444421020161014008193909062087534212899707064806276321335783281
689414103674157187306553954440167935932265991006477884933848361604686387086987922528889407141069868822301680440364081602
951140048776954093259614464538620930997157608086143216638481153177991472857292236411196077578369078921633251627970684204
529915280623073658348984970721867406873041106523193206534634088008795706782339235972501663256502960673236663779051786845
755496320938258533108810899583077753733989077954209249365718021014788902798794664560267433963899506727220631631279920234
696587696448784246869924263304457817801991496210518671404634980721497252665541629872058741944292182538206420824644148294
573482626512236282344766656044018955593420287202055132060319911971833186265503866123578998400278663032514546247800398102
056875824117095387512595879062409512757045539409183547055719824269417328944880221418363833453257001564990876878351267498
084842236902532729846079640079122722506788893726373490001913795143254219919569678928602199488946282006075272035726362229
