473242032348576520927536928183574169985491900734218185423640424779479310159319220344897094112011360205641825142890181514
235595399216955114079098299831897570513592134909356320718696305118387389501564354732294916629465873678187419034317308262
678607662395456161472988521763024638454443746035893682923763612644780453120293938530427449968669594494508094335722754743
126349151950778588575262233239734638656395329345439502714715047124827809038580755247947988659542575782450785938160602571
491245770503803160748526348314740707793918476019052578215763336726049069016977480304027579681160993240859801979539227832
310002719034241173799190073518716100519844910170821984825800237113959440601695268134707390965225275616170392290802450982
624427002620645432661704563363099215634848511118841923378151352252115576472430981628255371099597746918500402506425965459
698137016228071253398101356361471448160159325877382129895624921287728951372369973566985451344803178494082285379150553398
543448404912487714971907359592434344289049046882853203115123115950398579308834094024471408114060932013568289930569785349
890803095707379669712841007152983562714025504691649837134962819572836416847268201735244862063462927079116538835101000719
298228940052298298902176933247822554461304110145587198056036909322507621856242219012365238350840242886120300335851650864
491073283873206153976490564566128439371473155000135305677176143353221247520492035517225351527692131487593859212410724330
936119653494068689040313570248584428327143134374068683689690861249389494344064622077813026687131581641375095304221816942
945691661418603636327130897077152765694240834727118370326044106939368996641424539066349755607044629168992778261732452796
463373664793364416700709339532109720356402530218011139012887492278632657946419969766062652161518134840644413598485960265
519010191235349302939725334899589952550771997449944511797095804965711479397486509932266614262855330143487180219024077317
456940514952866057856092607392446211716534452744778061903078268264554711188955621541130874717255698445664080999604376307
094257529157222286928119223695556062711054902696472596680474752246390585961324111099908460115720811957544457066680354706
843233982386605687687832943363076891731437428493007679797340638183487924681176677289281424561251375391344211211325489700
988917994283180363462967025356642396819090135503175377861754695634959673106450384545854709037309298094348066040858350787
168208031349840722986077378143781744129788930501569978376712328637010474808330109052244346459687069855072700640810856686
899875161815312160108507981082188524601021587125513069930505955749455928741393013953754639068521159576538101169653275328
891276091165715201298366644055151539513213806604810727797108638718415357904403722461706294910766156173038545183155072534
410377442721045969088531578559708537582387771648603700703286784590815029921841921548954024658723834989578679384946585508
667525008043038465142246787844091486700668529019491064659153541733050624797507930108609086847316913473314657721598205539
432119281404104610822676015058079083598979909105050410644752324234988970202614548982670538153464707893360361408295710329
720945042409460564315278456686744068085750650174331320634850348521539946616913233398517039416408828414479788972791638913
371322701690540228397952879836676217930829350871765428792859677625434263368528649093847094428212952947538102942444109026
712465733969865128768320739650015271211535901606811028543752373595636412944767784685734116472718952471883276106378234525
201776627023596628019235290799666705328534570930214167619478847530778590587007240459277167356984766502148650875675653600
922246625656725865336467881235008640400386100581883576411656152696309711054404185522875577256900992922018290092306112674
475098487511724433057997167289916538254294022695669193809937287171835060423412525413695691179206091742724268306053826065
123457119616693131770828442319911157950607696325542347742973809992520916989674400636680482563804123812358197562575646323
516199867561203979065814336827300599770217051453513756826023189106125782850067445352713591510371485139865123082021466363
577703962699355105410604979269699669741156477376025334639270609596270910599318774299277837398990923397985925589866899307
375559210513292845377596853390574107060380046322477567459891864280162073307987454896094608621012355526520049978580611294
284605291961954588787042051528571309851968604612987078325096634378873225805437501310300714276436020096823689509033884782
210193813049578182945775588896018293543205663973540462752251295828621608266047638691404375097796766711120237490205587387
263179511987385888587105322853934360125145838176534165591696046561723967071337008930829089764734237399107107004600191217
699277630594145748159784915604483319978727102337362738809834694154979281670183351755712063260231969184625256658512864891
162356653066596561251466080552641381286037196574409846757303569186345221402722448693525608727607310288004739435339848873
845642371138077142920744769275325475385570128664764444140376973419435902485107462000573876880570505100063757658599487816
968736194370091222702448140832486493270104234283981234145776647298308087156202349192565197952518211365513518972598211626
400033556572943400788843710655857705161112748405647814251595720775480795363053584417229270535419379851370878641662296939
747953097868935996503170963937758241406912828221245646544434308638601556320611501901681678471144561140086347310111359732
589993368870924266997746056915165102077819939667640817242930885016461072682085404592075666104200364364501904071845137167
736203121402165396991246079055646037323671910914484638784613882781935379736945124465234213101409930343332665216112237400
003120101960412221679289189219097504496122156311194068211024613370753249616737542007826981478274507326980164942282458766
170720890268904340067073930035903753373075721295455464580100856622703482168738864683313446274763412835785640544600903034
229198174752071677125850501889295211268057985726399022009829368818867113583205948421761913948479122171046741134989049341
530593419064845912334144204478349053660893633849758152517765200665140090757435981040242977851650145420042364288193176569
094551567266981356739749569601634493574007231413705091849068749557099384084681358551212656647403484122346135736143538940
591971480497884521459296110791932637401502179498677280925014132684493861563956635800377364180618317525658285206720787365
216123600270744564871115128918290220689693547580388154426833805869459704459679155289791678968003984206233288615711454305
015714445983963874854749713433850970615173955281434174611693197326852563138010826488377337829787821264449709237430782903
113765625454590132209591501229447093643930725577917859558142512863473060934399243037749745240620546028046006860305816798
864961480396930472610481846471625481217134588806834455770856180536793263656634922164623540514876900318671325566905890856
299626858212090053383879756164354544124290731900166426503859408556400157322382390346996945090412128675892100676216696114
286731886651999507666835084329526503953406184649002713859157569444107212820334068871183039251087282791608833861711542177
794909697089207358218699550400805404312415373016864688923050947548501625249801746047042938971255125093505985428871453975
129291873599110776431419220977878355642551533784472095000336969134296250553422819050623476599293823655181751019355107398
199208142077519602432477216474102798103449843668059460472360235424213668429967312798274776617795343298068646658074218692
455316377875482356047678786523939782829509798248187125039241219759170378473849392318135160384912071989100840891590317550
485573561761035508260748064195477313058325447086323858642105026023401605376786643440200990215768432570041274282600088968
242360951771111454232221023406104804331490924000994024050486577519176803364374223327915484784922126622898846018404598313
792953017146709168582721333115535180516043420268024628714831365299978209611759586498105088727943758983057276549712222727
476293359753617669087258062757509408567287596143998240989130244402581419952950614329615148070059759034748578249244343913
889771684297606232380201254704464589363386975499001093607046891459071285347747094090728875570172282175118933775224359082
959518959490617540748560059199397572665242406836757138613988384450392560735908977948809029093794426363026618164007253168
726793636595959614499893885278927832258960342336253302049544790320155477847634476450159407519393178218834594130949763459
401053168871064011108362999910321322099256406049675483256832448360917696995722726320694735351702075309913158760368911953
471265181631551622349906855237010412960387167487836847996268057601166629559959260748013313022329050049228175271987393280
944363464454591194306514868628558918631954719870103112961338300176719374650322010372176697857377545738661421319126565699
003830171543143922920406894803182478376117746123257941497300410678626416477818699867572801116574434177950600362630813143
942509194754236400408069605351014920796471265116199403518365775142547786351085643152645713488549882662209645248926491479
