065916395320856987887312954482447634483199876506759600484655006925327744357125027610564530235899714672510461973954563243
720219983070172902207650648395531897483446683592655400349925163316478156636871281648432585468046601256194256888619966499
187308817302225809993071798268417445976779123601838504370891899499634493516814640115444673318871015831221373480879757719
328861478621494673202667147010679302613470218621526412114736488701804244400597147096727988985895970600726726893954202591
032851357939965917174897835162259065462280416256659316559149668724061734956568703131191744398419391088125949500347283029
815258534258042038680924814106709353789191116375042875200083079661641833611438300399574233619583038867242213417889757838
795307366931654247363275823281911535929801929023662860534240992248323858873792932478656746518759573284862385739482025689
630562369922535775924281684826511814698628998597313026449279737706643281969360392674063922808273555128276384430401187257
711416123731546470851933725944674481570868678636073489402748891984045922371334767519421382409155425040359873976407489578
415818771217845497317926304772160626432830324168980290421071933954139308408958424380051467443005735638322590191333871904
474605821882294046024523898833582447027006788452050763490963787187487605050863986465247585090015123473575696642926230673
868119567832629151969846971984299309509476473293252303910091296086852440422359628613044205932976372065881658272736479833
557528475102914047678780842613141998496512490495447833990542442052522513743465439277876087515685541095763925405722535472
836002439407807844589088936002950025687268447904986888009150838643658813369220572257850616697863332209801813747747318312
851304713964835510672359408595773930994804664501944993664359369906118516924428596767830942402677899512156694022451663419
343219721870988167012937774427939094279447613384336468697600269215315039733781341450231944362569161431703571705548419509
011254963751647326171871997662661547285035499423908624978057539054323112512759453260073803877015268336064523131292140462
710248401980668626248997063064117400081693140703038448427755130982384102771416631994782204778573934161853296701128480491
643191737431360944336761587493674763219663246977662976812362984387699933714339535559860473532311876057952615760881250350
663765333661155203262340383182506185778953773937461502318529792193514769580659802556003679113644150479087329016960364557
418428243846224976180636494923256836103615216872241094211325250325189715547314467133196702306989073751521284855154344484
928952916243955074938627835708840375060629512549617363259201831809582150659633890727360859437683078584510621192573266098
458280769949690544405743839033418775293213345695460882873368777267623521692199301315083472011732950644326199466167801852
255963917471431872090398574389743121557653625760980421312761961343808656621205221263599036437151825640496076604493774035
860489945865040572842194890393801448793520367055666236228533558938990625061081718708241338884078477563910471624617594816
910423602174066690713260572588220522680789276706006612761395309029918666750648566417893988346516340073995912289001347431
069303956782813017858442077699268214215687093868702116636451936560537254514091116549494231117761303068240147844396207615
115449073705884820732780470376732719519765119428821896567785492478182924512123033463481116935952578650510168199914593600
805154706517401280025391191542652642483825929062892189850508247972634596783454630137756644343614985528574395152016368034
553670122879768694543566120164287550949825396600653278271622247461418843235025833096832417247448701406428373142443627082
275589116013126499134610107737500045550213096931403549701876973066614448913738189064980699873356548507146249519366626267
545184145856435736426352726579097125735393445107183416486845576104907885444757112745518649729991898530492416269275173714
377684833645719153520047977622017870003638159471009074798874486099141426730880214759065760377545241175372325546287783617
008605774167333915943824140557942977150619574890988656240878002360035714055682960399824894731201746692308308940738371901
952022997981557456863355814241772959155365350328532460184840229375385677264218263383620796008184484404119165782667406124
646794846517702070330981791600918032102080656159783010350690609164490994216197428487639913937398530433627950729156652685
341657789653920953012553135896848795039732899821063567133969052257404273869238937486011847121492232180044328657101995034
899442441563569343550655308236279106084135686087220495019038431593131445411161747829762545039366529774394149478521345549
512905845653536081311459080933575306458234634461952178805969511473672578066567842652637570079293490041409751595832355798
818639948983575377617911218759101944324865295623518747230743833754906577287659556142824091831328965532488084054629330946
559924445381766882342587147620746111630607732269598857745905922650402749423547197580981763736635917343977066280730070499
389415170380564300095228619885084042497031233149383201721644829865247688688073882855112322528612783983776222122306147152
021908053215856189070730419204103270673516058199569079389491405929305411855183988315530618644284108613119009211007731194
406507929866400154960449440027127413623704686317895733080955843206869602605560022900915530082485612650574276179617775947
375174328400704804362842048865697025746417984112764479153201770618118321702424476827145738484874031281771417712794773137
299642077125372149846603299808787378115559275358707268589155256024525801555345493307494879180990759814571201490080509125
753963729028422333257116696508681227899874594117782970659337653331402834683232722393779581401469225222305388574758738676
017042763662360187213965309146221961746113073730605746355036789488406393391798196395635016766540257919631963915214879911
193333584692416063252682978017374162042575580475527621408358257899138863474211935668705224704289295658368548538225156458
500438731617838820640215061381754784230000007703551612445449431954658391527462662938890719671582296581317157694501522713
427145132765588148409198603852568538546622273165336530702264342346624814150538658621684251514090466379431284856947633949
207598565416283289092562324941057763485169322118710204232685377061930837503722947316496653516616690607426469327600895658
611914742643332967080026065964380059255026019414394714421670962914609955808463001634603146577320910152320903262980878947
180262012122647202870795786269144055475247014267563833485108468747001507912404559174328685624548021629019253650842440453
547295583689468959140621561620444594827552943464590837263658271014923278191825192624119709280444639024938040463517459872
634421341869942740997011622106160659513603566484910671198299935782490972957413825100101206175497609672098992605092522668
506105398717729244144242665275631276641274997457058266824662772892658028032693562305367562256290377257135011049225296473
200289627774166966699890367564906370118609828666370044733529150638545300293624471580248378143909673825483248738905953701
986479230061169734750004793399677950873528022504300186530933568740780844308772740035435249639973711575340756155649176703
293903630121492461643616801808105642445546704613594180884146032131632649642874311444757918129996030529958431514755775526
476603703425350542044813246318585478172509232216721016897851675121360661013320381081563667041304119565113888200341734141
108635307615998890559185996806427172732714220728351784986596491321195584549692675462078370847026079013628929084182629480
231126130640866747373106554679760204658060078302666536959912450547434666283993309537627593808150403491859034910344636297
841959953092415047052472335980304939943368431324366107379485520132332865363109969235182713659239910436888547985193148935
982817055102075803500815404164401406385680139000845917321117936597225265503963503552822471622021353753295882344504412074
411966663273007055690434253926337004893137258892349123564591460288017790832192460053993454992388792799177710252239204379
272840714776799707643847050946906555870373782758235632438402618190908011265566499043771636644528247948597600260948411452
212382104332283401687915336507279662990377602449704869537447583829822013916886446930456592644809821077594669914065153036
390036786745809258034520083743399860780606919016425135969235372251148439960566065464731256048585706137629726450420438675
605033563020612830153446809566333490193194163408572391514800824721342899294948703890019858636176945512903961957341681157
814741703090395680122455687571990806626080845008281133817905414881314989549629399906335855236268121556619775503367801435
753251349035393973087176893538072323909542122567391766148567727019781878319098694392272717868690875964101506995448430792
784517762208099005096710262965959252074057963533463666698093712013012046807929782040718700807430526265642633494502971649
464168892267344235674196634938214388278724107449905563833652852615253864233701688459933704420348278688936316050987401434
639435671942768566905546310659902913491383607705064746084540214952570771356832453932340851461616547742229836234732437373
