528819940215522166466431219849549855621203833817633523356556136252196835317173190442067484885127945352640314839282022696
860097714668861423571653243583794526812483352263209641889689852487199381302746519048359007622885453196931738224247015513
856676491963889201003532802666486662831273322178638246058151170905146174821917982211382003006269314597175977264170387899
615225037025849835971003559962733661584015244052346489112619667417583106217478816030254532752457670657755960319269035406
840742227015691394120974161470458395417216592781824405676845018879551666564355197737895357841513587508599572540539035439
272873573200181505859788563469087799770237277634930177800640743272715334555235215498714608491893231126851468150961440809
287016435663205210488700120093381436863774950539022049320777578744549511425147233334693434915907022360327804478782441175
916420715620869751519222039062002269907425407028138494948862536030760330210665478333369375149996798321739518718876973545
284285634778664900614312544579047194612782880805293750563297271514416753162519368132737163792396646187031831561402644953
593690472185630836262756964879146036800972218207890876915431484655137104088259500530295501030940354554238777237426192563
232097459606382891175289728845791930964458642760936047473407167573049712141776094043371135127754971795846138062087363205
539494125490099680110505033058708447665801732993546982955393491492494565230027439545393378132235266760809829467832985298
756790388805852178898624065828598600270140842527877364916004792986950437097778041163802092300062655271706059851476876319
062775873298569000459700788034006031126178210680170085264316912635729431354239761605924823777602574486464718997365668152
162369135078881326162924191676166933536938533534317216531860169605727681180605550979422841796343703420409361583806063057
510422792433246748910581808011801589271532522447723564215217982376473922607809528738114042047664652776012420803255977926
792704396029082098796976230822780270253239106771605437876857086714054622073402514592120396627409052227151872133157086089
342027910939912438461418400048677179744543594754442526638859089309741922293666928433477096596557863277815124762531645227
354659434457001170663412546002581944158048766157630754774490130990544910076529978834470161643245928096100538447424041257
260518836665293556894847011866252406336983021635315319809818250484323200002816162116358657750024717594658232227652632845
772745511556362921723542917708923373122974620567705799523942259853689308302404253528438122341439692605813146234469106296
599702419347246523518238059889208344464035655823869512560537738254218247228024327132097693970650730575499957615590611574
486777797971372293066799574005987230016567369258314286142063034600744148601847442939723093370410112522093881623965027019
276756928066612351624592216420838288660539276148243377226972036492054214517371813938306516653172374346240867226305049769
098108287459023259375566557687345442149664558002571894351489330613472679819043607464989292136125027039896460542678651635
087322339994826616903808934223428440119941394424294077941083656470397117801458262089193336689139410296155230514319613999
221256311273422589228464134121761945968991870208314435181619424436567494058852997429106655033063960671722120558495556406
507116163467528038081140438603713774294576739002551278270485150760988531570610481078380391633046523929946693677569174658
015264138920985936318835215874453624661072830222051098343830801261598797270089542234020368612767897496342352107101595080
843719066100465244478365739902718351607202052049635456785007362424270860740664649758078047561202907188684725974754172726
432379642698486320660984463073950616457367201853369817320285822651781910841056829829568817536341368537242501509560961011
958642686497061195509479193781993437801807834794991717439404584254037499335214036175652762541982708959860643759293411473
067477345839189170540466868954521008252955701197408155012446810636920177531314550668385759244905469967132811637454580191
550446735071473246271292866645549824618644537009781859329432184400667631263875747525863555881955822393588215762214759561
665454561223165427655256186255836302953049454636801596471981915530164570187638676728568387587038797988773904298520407380
372459056947341353962444425392147951452407950034839528802070396451623988049323415949570563795172886104062847645333120762
022109987120655679273491070058563586665540326865043890419661114710039024253243697077674462881158507528628326093164041208
830938390489669313985546122957440919386276032550913623466587051656178746306559981127300379523166766153292191383530566364
758343431967311460990999531882335035024486962283219037175654005339243176191474684057367104460380031564308801310459506418
461091457630455876937567144776742366609316087112332768163253429555017264205220901904175456954201797430360462636661727044
444626338113782919029423272143615612518555454929352029031530617067013537032594762987441673310257753010979652014134726454
679894225485584022952508134037087435947164265866298545777940801665510427722133595478058838550484339713934738409665735643
478643445494139522774479503810106063271354452865899755020231029983993561295802382330172484298786079457293229212721256088
396980544958155211595111585297034553256822721772720995467232854468842539541751647174098159112486800152718772918849346005
527586971563389370958667660144271572402254000440221082391240683564123516304282677976800876126855844906874644398611545221
818345347389023124205847726638671224742593133300616932114934409311864324805841354034963165088264520789314716647468327594
931213824192774500495304211835855533652963554037853402545750122103981489799756616550851774705062790106620399629432855669
402142357452120955401332811048278603328911604711858954936423947087213963497170699434217485929546428048312214490365769118
769328896741346594570902598098030470330176390370319468830684447887369214244962368323963727740992142914553620363001895031
903909272905929767121316768937841735675099770883549490943548084218717134654927426419327245065631796018109772938035853498
630323304394443300459526104663203242178726692529643211898911717769954965444398626538418283078869187733279958147360227943
014781759614456408027988293333628422591425748089871272412707396751785405671485474918500310910045566209772939061345351060
239683438551568597316666859552192800123650964852672571908730532341116446262617463296919623823664218675200839957392739099
107310013873905511791143540150855419242936806906799971026084437143518275753059845915439742069488496971016717823116685312
927835573173134706724626320017506539332906827313414391896357178779625902743938646746156004383752541181403915372000502223
396996550231834404818249199100233613360983165406268355006308810698357790861472857637974001902006641318669890216523835040
520013429938107635664234920102751845817795421406412164390654034667686052591176398588438837890984562474974061883171994053
258629857486343713902206394600979488463575691022700388101844770045382202321380419869751884659618528404416347375293185710
456531022027283330321709008771252318038520393619435345338130707732083953387829649127838116374318775598292747657096297184
160655900780692647323488981085921003909021401559519151709952751596098308786514440028097133724953938912778753359255239112
826769705504467340773998050708420428899744040950606876254060142276744490266081482001654988662568800677916954707876002648
566977482055066477650601916004496808878320658413940918434238069957310405016990690434904719657751546109284509698350161244
862828887661535675020166702847771319187784727438191355634361928301964071873341344190752700335556309810967088466405197212
737698746672892125845521108284860082174083410795004678089239956200957846772465938657712893950510282813998557158228266991
560077312419791863501338076204963791886433114758552876419302491738333472382181213094753235364665611869242844106883874918
200841331834913593905495292486468676924631329839763477568505270028039187175528044077744065480257423857771055140760244967
071061914517141404155238035848316497163982542934474242984631413788224927997514368715609090123650203512770038911681210491
553084293565664407515511079534855634367406513021519090963149970572290039324002920682450417260943177504703690283691694104
244905462927109990904089316340536368925241722790706905708641215734265877662135517529101122684268365795293104043794644071
040138642602152774984202150458444329207000438753215342851431438381949802599337050951601985459302835290065418996501270680
181370378335401512463218974306699036744327806733974495880046223158339466922251701852898311600836040816437226026284894669
512830142088014956265663610395086510090643067701703719197950115316472204066962451812512183958570906088578162262849258917
856191422739301332962828470607906647234308950464557715015141839570689207038348485184378269055632373944882799589878598541
344017104752825763455321881091783138934657032527561917405213934487866610192195811533089533430054762634500350252457540747
005606112541374612766092081769916953899565824426087950322429878957815607797155571031356982026396873102326454178117579194
