461094851762593850733994603358475076577399850978858056876903658358801406625097230696543833984860866311782080089932146448
697029783357167488367536189277905824840225851303042702961856720926195186591245469923970124504462819528991658395517280693
776589366022460592056141134093923825473672797150975418815774261810624015203901696008676847988113044922572582870051401121
549960177172315432225934367754761663671528129696082537120619644526016640681437138102679898185021381180513144732150602086
480272386923774376667951548285433439943286307318074140226034190546635372418647696130500242236304100792213889542054312936
702691002351038229422739392511330072865008664649699699061440731904160693474771281074895482216429057211804946864887912044
779882239843334658044916041887213494534554645852124359091180300784789941382869165126626792533970376913041809807463908800
855010652354063024879029080937922388980763531455170145250403208158465958858206531608570126097151146036973562021560964750
977772314495813493813274801748995963772707575190811259842374297674454651434279197035755953450180413750250742533324800005
257654102400548982489088
